% time	cellId	IMSI	frame	sframe	RNTI	mcsTb1	sizeTb1	mcsTb2	sizeTb2	ccId
0.265	1	1	27	6	1	0	81	0	0	0
0.059	1	2	6	10	50	28	549	0	0	0
0.059	1	2	6	10	50	28	549	0	0	1
0.28	1	1	29	1	1	28	2196	0	0	0
0.06	1	9	7	1	39	28	549	0	0	0
0.281	1	1	29	2	1	28	2196	0	0	0
0.06	1	9	7	1	39	28	549	0	0	1
0.282	1	1	29	3	1	28	2196	0	0	0
0.283	1	1	29	4	1	28	2196	0	0	0
0.284	1	1	29	5	1	28	2196	0	0	0
0.061	1	11	7	2	58	28	549	0	0	0
0.061	1	11	7	2	58	28	549	0	0	1
0.285	1	1	29	6	1	28	2196	0	0	0
0.286	1	1	29	7	1	28	2196	0	0	0
0.287	1	1	29	8	1	28	2196	0	0	0
0.288	1	1	29	9	1	28	2196	0	0	0
0.062	1	10	7	3	63	0	19	0	0	0
0.289	1	1	29	10	1	28	2196	0	0	0
0.062	1	10	7	3	63	0	19	0	0	1
0.29	1	1	30	1	1	28	2196	0	0	0
0.291	1	1	30	2	1	28	2196	0	0	0
0.292	1	1	30	3	1	28	2196	0	0	0
0.063	1	11	7	4	58	28	549	0	0	0
0.063	1	11	7	4	58	28	549	0	0	1
0.293	1	1	30	4	1	28	2196	0	0	0
0.294	1	1	30	5	1	28	2196	0	0	0
0.064	1	10	7	5	63	0	19	0	0	0
0.295	1	1	30	6	1	28	2196	0	0	0
0.064	1	10	7	5	63	0	19	0	0	1
0.296	1	1	30	7	1	28	2196	0	0	0
0.297	1	1	30	8	1	28	2196	0	0	0
0.298	1	1	30	9	1	28	2196	0	0	0
0.065	1	11	7	6	58	28	549	0	0	0
0.065	1	11	7	6	58	28	549	0	0	1
0.299	1	1	30	10	1	28	2196	0	0	0
0.3	1	1	31	1	1	28	2196	0	0	0
0.066	1	2	7	7	50	28	549	0	0	0
0.066	1	2	7	7	50	28	549	0	0	1
0.301	1	1	31	2	1	28	2196	0	0	0
0.302	1	1	31	3	1	28	2196	0	0	0
0.067	1	10	7	8	63	28	549	0	0	0
0.067	1	10	7	8	63	28	549	0	0	1
0.303	1	1	31	4	1	28	2196	0	0	0
0.304	1	1	31	5	1	28	2196	0	0	0
0.305	1	1	31	6	1	28	2196	0	0	0
0.068	1	8	7	9	71	0	19	0	0	0
0.068	1	8	7	9	71	0	19	0	0	1
0.306	1	1	31	7	1	28	2196	0	0	0
0.307	1	1	31	8	1	28	2196	0	0	0
0.308	1	1	31	9	1	28	2196	0	0	0
0.069	1	10	7	10	63	28	549	0	0	0
0.069	1	10	7	10	63	28	549	0	0	1
0.309	1	1	31	10	1	28	2196	0	0	0
0.07	1	8	8	1	71	0	19	0	0	0
0.31	1	1	32	1	1	28	2196	0	0	0
0.07	1	8	8	1	71	0	19	0	0	1
0.311	1	1	32	2	1	28	2196	0	0	0
0.312	1	1	32	3	1	28	2196	0	0	0
0.313	1	1	32	4	1	28	2196	0	0	0
0.071	1	10	8	2	63	28	549	0	0	0
0.071	1	10	8	2	63	28	549	0	0	1
0.314	1	1	32	5	1	28	2196	0	0	0
0.072	1	14	8	3	1	28	549	0	0	0
0.315	1	1	32	6	1	28	2196	0	0	0
0.072	1	14	8	3	1	28	549	0	0	1
0.316	1	1	32	7	1	28	2196	0	0	0
0.317	1	1	32	8	1	28	2196	0	0	0
0.073	1	8	8	4	71	28	549	0	0	0
0.073	1	8	8	4	71	28	549	0	0	1
0.318	1	1	32	9	1	28	2196	0	0	0
0.319	1	1	32	10	1	28	2196	0	0	0
0.32	1	1	33	1	1	28	2196	0	0	0
0.074	1	4	8	5	78	0	19	0	0	0
0.074	1	4	8	5	78	0	19	0	0	1
0.321	1	1	33	2	1	28	2196	0	0	0
0.322	1	1	33	3	1	28	2196	0	0	0
0.323	1	1	33	4	1	28	2196	0	0	0
0.075	1	8	8	6	71	28	549	0	0	0
0.075	1	8	8	6	71	28	549	0	0	1
0.324	1	1	33	5	1	28	2196	0	0	0
0.325	1	1	33	6	1	28	2196	0	0	0
0.076	1	4	8	7	78	0	19	0	0	0
0.076	1	4	8	7	78	0	19	0	0	1
0.326	1	1	33	7	1	28	2196	0	0	0
0.327	1	1	33	8	1	28	2196	0	0	0
0.328	1	1	33	9	1	28	2196	0	0	0
0.077	1	8	8	8	71	28	549	0	0	0
0.077	1	8	8	8	71	28	549	0	0	1
0.329	1	1	33	10	1	28	2196	0	0	0
0.33	1	1	34	1	1	28	2196	0	0	0
0.078	1	11	8	9	58	28	549	0	0	0
0.078	1	11	8	9	58	28	549	0	0	1
0.331	1	1	34	2	1	28	2196	0	0	0
0.332	1	1	34	3	1	28	2196	0	0	0
0.333	1	1	34	4	1	28	2196	0	0	0
0.079	1	4	8	10	78	28	549	0	0	0
0.079	1	4	8	10	78	28	549	0	0	1
0.334	1	1	34	5	1	28	2196	0	0	0
0.335	1	1	34	6	1	28	2196	0	0	0
0.336	1	1	34	7	1	28	2196	0	0	0
0.08	1	12	9	1	82	0	19	0	0	0
0.08	1	12	9	1	82	0	19	0	0	1
0.337	1	1	34	8	1	28	2196	0	0	0
0.338	1	1	34	9	1	28	2196	0	0	0
0.339	1	1	34	10	1	28	2196	0	0	0
0.081	1	4	9	2	78	28	549	0	0	0
0.081	1	4	9	2	78	28	549	0	0	1
0.34	1	1	35	1	1	28	2196	0	0	0
0.341	1	1	35	2	1	28	2196	0	0	0
0.082	1	12	9	3	82	0	19	0	0	0
0.082	1	12	9	3	82	0	19	0	0	1
0.342	1	1	35	3	1	28	2196	0	0	0
0.343	1	1	35	4	1	28	2196	0	0	0
0.344	1	1	35	5	1	28	2196	0	0	0
0.345	1	1	35	6	1	28	2196	0	0	0
0.083	1	4	9	4	78	28	549	0	0	0
0.083	1	4	9	4	78	28	549	0	0	1
0.346	1	1	35	7	1	28	2196	0	0	0
0.084	1	15	9	5	12	28	549	0	0	0
0.347	1	1	35	8	1	28	2196	0	0	0
0.084	1	15	9	5	12	28	549	0	0	1
0.348	1	1	35	9	1	28	2196	0	0	0
0.349	1	1	35	10	1	28	2196	0	0	0
0.085	1	12	9	6	82	28	549	0	0	0
0.35	1	1	36	1	1	28	2196	0	0	0
0.085	1	12	9	6	82	28	549	0	0	1
0.351	1	1	36	2	1	28	2196	0	0	0
0.352	1	1	36	3	1	28	2196	0	0	0
0.086	1	1	9	7	87	0	19	0	0	0
0.086	1	1	9	7	87	0	19	0	0	1
0.353	1	1	36	4	1	28	2196	0	0	0
0.354	1	1	36	5	1	28	2196	0	0	0
0.355	1	1	36	6	1	28	2196	0	0	0
0.087	1	12	9	8	82	28	549	0	0	0
0.356	1	1	36	7	1	28	2196	0	0	0
0.087	1	12	9	8	82	28	549	0	0	1
0.357	1	1	36	8	1	28	2196	0	0	0
0.088	1	1	9	9	87	0	19	0	0	0
0.358	1	1	36	9	1	28	2196	0	0	0
0.088	1	1	9	9	87	0	19	0	0	1
0.359	1	1	36	10	1	28	2196	0	0	0
0.36	1	1	37	1	1	28	2196	0	0	0
0.361	1	1	37	2	1	28	2196	0	0	0
0.089	1	12	9	10	82	28	549	0	0	0
0.089	1	12	9	10	82	28	549	0	0	1
0.362	1	1	37	3	1	28	2196	0	0	0
0.363	1	1	37	4	1	28	2196	0	0	0
0.09	1	10	10	1	63	28	549	0	0	0
0.09	1	10	10	1	63	28	549	0	0	1
0.364	1	1	37	5	1	28	2196	0	0	0
0.365	1	1	37	6	1	28	2196	0	0	0
0.366	1	1	37	7	1	28	2196	0	0	0
0.091	1	1	10	2	87	28	549	0	0	0
0.091	1	1	10	2	87	28	549	0	0	1
0.367	1	1	37	8	1	28	2196	0	0	0
0.368	1	1	37	9	1	28	2196	0	0	0
0.369	1	1	37	10	1	28	2196	0	0	0
0.092	1	6	10	3	91	0	19	0	0	0
0.092	1	6	10	3	91	0	19	0	0	1
0.37	1	1	38	1	1	28	2196	0	0	0
0.371	1	1	38	2	1	28	2196	0	0	0
0.372	1	1	38	3	1	28	2196	0	0	0
0.093	1	1	10	4	87	28	549	0	0	0
0.373	1	1	38	4	1	28	2196	0	0	0
0.093	1	1	10	4	87	28	549	0	0	1
0.374	1	1	38	5	1	28	2196	0	0	0
0.375	1	1	38	6	1	28	2196	0	0	0
0.094	1	6	10	5	91	0	19	0	0	0
0.094	1	6	10	5	91	0	19	0	0	1
0.376	1	1	38	7	1	28	2196	0	0	0
0.377	1	1	38	8	1	28	2196	0	0	0
0.378	1	1	38	9	1	28	2196	0	0	0
0.095	1	1	10	6	87	28	549	0	0	0
0.379	1	1	38	10	1	28	2196	0	0	0
0.095	1	1	10	6	87	28	549	0	0	1
0.38	1	1	39	1	1	28	2196	0	0	0
0.096	1	5	10	7	20	28	549	0	0	0
0.381	1	1	39	2	1	28	2196	0	0	0
0.096	1	5	10	7	20	28	549	0	0	1
0.382	1	1	39	3	1	28	2196	0	0	0
0.383	1	1	39	4	1	28	2196	0	0	0
0.384	1	1	39	5	1	28	2196	0	0	0
0.097	1	6	10	8	91	28	549	0	0	0
0.097	1	6	10	8	91	28	549	0	0	1
0.098	1	13	10	9	94	0	19	0	0	0
0.098	1	13	10	9	94	0	19	0	0	1
0.385	1	1	39	6	1	28	2196	0	0	0
0.386	1	1	39	7	1	28	2196	0	0	0
0.387	1	1	39	8	1	28	2196	0	0	0
0.099	1	6	10	10	91	28	549	0	0	0
0.099	1	6	10	10	91	28	549	0	0	1
0.388	1	1	39	9	1	28	2196	0	0	0
0.389	1	1	39	10	1	28	2196	0	0	0
0.1	1	13	11	1	94	0	19	0	0	0
0.1	1	13	11	1	94	0	19	0	0	1
0.39	1	1	40	1	1	28	2196	0	0	0
0.391	1	1	40	2	1	28	2196	0	0	0
0.392	1	1	40	3	1	28	2196	0	0	0
0.101	1	6	11	2	91	28	549	0	0	0
0.393	1	1	40	4	1	28	2196	0	0	0
0.101	1	6	11	2	91	28	549	0	0	1
0.394	1	1	40	5	1	28	2196	0	0	0
0.102	1	8	11	3	71	28	549	0	0	0
0.395	1	1	40	6	1	28	2196	0	0	0
0.102	1	8	11	3	71	28	549	0	0	1
0.396	1	1	40	7	1	28	2196	0	0	0
0.397	1	1	40	8	1	28	2196	0	0	0
0.398	1	1	40	9	1	28	2196	0	0	0
0.103	1	13	11	4	94	28	549	0	0	0
0.103	1	13	11	4	94	28	549	0	0	1
0.399	1	1	40	10	1	28	2196	0	0	0
0.4	1	1	41	1	1	28	2196	0	0	0
0.401	1	1	41	2	1	28	2196	0	0	0
0.104	1	3	11	5	96	0	19	0	0	0
0.402	1	1	41	3	1	28	2196	0	0	0
0.104	1	3	11	5	96	0	19	0	0	1
0.403	1	1	41	4	1	28	2196	0	0	0
0.404	1	1	41	5	1	28	2196	0	0	0
0.405	1	1	41	6	1	28	2196	0	0	0
0.105	1	13	11	6	94	28	549	0	0	0
0.105	1	13	11	6	94	28	549	0	0	1
0.106	1	3	11	7	96	0	19	0	0	0
0.106	1	3	11	7	96	0	19	0	0	1
0.107	1	13	11	8	94	28	549	0	0	0
0.107	1	13	11	8	94	28	549	0	0	1
0.108	1	7	11	9	29	28	549	0	0	0
0.108	1	7	11	9	29	28	549	0	0	1
0.109	1	3	11	10	96	28	549	0	0	0
0.109	1	3	11	10	96	28	549	0	0	1
0.11	1	3	12	1	96	28	549	0	0	0
0.11	1	3	12	1	96	28	549	0	0	1
0.111	1	3	12	2	96	28	549	0	0	0
0.111	1	3	12	2	96	28	549	0	0	1
0.112	1	4	12	3	78	28	549	0	0	0
0.112	1	4	12	3	78	28	549	0	0	1
0.113	1	9	12	4	39	28	549	0	0	0
0.113	1	9	12	4	39	28	549	0	0	1
0.114	1	12	12	5	82	28	549	0	0	0
0.114	1	12	12	5	82	28	549	0	0	1
0.115	1	2	12	6	50	28	549	0	0	0
0.115	1	2	12	6	50	28	549	0	0	1
0.116	1	14	12	7	1	28	549	0	0	0
0.116	1	14	12	7	1	28	549	0	0	1
0.117	1	1	12	8	87	28	549	0	0	0
0.117	1	1	12	8	87	28	549	0	0	1
0.118	1	11	12	9	58	28	549	0	0	0
0.118	1	11	12	9	58	28	549	0	0	1
0.119	1	15	12	10	12	28	549	0	0	0
0.119	1	15	12	10	12	28	549	0	0	1
0.12	1	6	13	1	91	28	549	0	0	0
0.12	1	6	13	1	91	28	549	0	0	1
0.121	1	10	13	2	63	28	549	0	0	0
0.121	1	10	13	2	63	28	549	0	0	1
0.122	1	5	13	3	20	28	549	0	0	0
0.122	1	5	13	3	20	28	549	0	0	1
0.123	1	13	13	4	94	28	549	0	0	0
0.123	1	13	13	4	94	28	549	0	0	1
0.124	1	3	13	5	96	28	549	0	0	0
0.124	1	3	13	5	96	28	549	0	0	1
0.125	1	8	13	6	71	28	549	0	0	0
0.125	1	8	13	6	71	28	549	0	0	1
0.126	1	7	13	7	29	28	549	0	0	0
0.126	1	7	13	7	29	28	549	0	0	1
0.127	1	4	13	8	78	28	549	0	0	0
0.127	1	4	13	8	78	28	549	0	0	1
0.128	1	9	13	9	39	28	549	0	0	0
0.128	1	9	13	9	39	28	549	0	0	1
0.129	1	12	13	10	82	28	549	0	0	0
0.129	1	12	13	10	82	28	549	0	0	1
0.13	1	2	14	1	50	28	549	0	0	0
0.13	1	2	14	1	50	28	549	0	0	1
0.131	1	14	14	2	1	28	549	0	0	0
0.131	1	14	14	2	1	28	549	0	0	1
0.132	1	1	14	3	87	28	549	0	0	0
0.132	1	1	14	3	87	28	549	0	0	1
0.133	1	11	14	4	58	28	549	0	0	0
0.133	1	11	14	4	58	28	549	0	0	1
0.134	1	15	14	5	12	28	549	0	0	0
0.134	1	15	14	5	12	28	549	0	0	1
0.135	1	6	14	6	91	28	549	0	0	0
0.135	1	6	14	6	91	28	549	0	0	1
0.136	1	10	14	7	63	28	549	0	0	0
0.136	1	10	14	7	63	28	549	0	0	1
0.137	1	5	14	8	20	28	549	0	0	0
0.137	1	5	14	8	20	28	549	0	0	1
0.138	1	13	14	9	94	28	549	0	0	0
0.138	1	13	14	9	94	28	549	0	0	1
0.139	1	3	14	10	96	28	549	0	0	0
0.139	1	3	14	10	96	28	549	0	0	1
0.14	1	8	15	1	71	28	549	0	0	0
0.14	1	8	15	1	71	28	549	0	0	1
0.141	1	7	15	2	29	28	549	0	0	0
0.141	1	7	15	2	29	28	549	0	0	1
0.142	1	4	15	3	78	28	549	0	0	0
0.142	1	4	15	3	78	28	549	0	0	1
0.143	1	9	15	4	39	28	549	0	0	0
0.143	1	9	15	4	39	28	549	0	0	1
0.144	1	12	15	5	82	28	549	0	0	0
0.144	1	12	15	5	82	28	549	0	0	1
0.145	1	2	15	6	50	28	549	0	0	0
0.145	1	2	15	6	50	28	549	0	0	1
0.146	1	14	15	7	1	28	549	0	0	0
0.146	1	14	15	7	1	28	549	0	0	1
0.147	1	1	15	8	87	28	549	0	0	0
0.147	1	1	15	8	87	28	549	0	0	1
0.148	1	11	15	9	58	28	549	0	0	0
0.148	1	11	15	9	58	28	549	0	0	1
0.149	1	15	15	10	12	28	549	0	0	0
0.149	1	15	15	10	12	28	549	0	0	1
0.15	1	6	16	1	91	28	549	0	0	0
0.15	1	6	16	1	91	28	549	0	0	1
0.151	1	10	16	2	63	28	549	0	0	0
0.151	1	10	16	2	63	28	549	0	0	1
0.152	1	5	16	3	20	28	549	0	0	0
0.152	1	5	16	3	20	28	549	0	0	1
0.153	1	13	16	4	94	28	549	0	0	0
0.153	1	13	16	4	94	28	549	0	0	1
0.154	1	3	16	5	96	28	549	0	0	0
0.154	1	3	16	5	96	28	549	0	0	1
0.155	1	8	16	6	71	28	549	0	0	0
0.155	1	8	16	6	71	28	549	0	0	1
0.156	1	7	16	7	29	28	549	0	0	0
0.156	1	7	16	7	29	28	549	0	0	1
0.157	1	4	16	8	78	28	549	0	0	0
0.157	1	4	16	8	78	28	549	0	0	1
0.158	1	9	16	9	39	28	549	0	0	0
0.158	1	9	16	9	39	28	549	0	0	1
0.159	1	12	16	10	82	28	549	0	0	0
0.159	1	12	16	10	82	28	549	0	0	1
0.16	1	2	17	1	50	28	549	0	0	0
0.16	1	2	17	1	50	28	549	0	0	1
0.161	1	14	17	2	1	28	549	0	0	0
0.161	1	14	17	2	1	28	549	0	0	1
0.162	1	1	17	3	87	28	549	0	0	0
0.162	1	1	17	3	87	28	549	0	0	1
0.163	1	11	17	4	58	28	549	0	0	0
0.163	1	11	17	4	58	28	549	0	0	1
0.164	1	15	17	5	12	28	549	0	0	0
0.164	1	15	17	5	12	28	549	0	0	1
0.165	1	6	17	6	91	28	549	0	0	0
0.165	1	6	17	6	91	28	549	0	0	1
0.166	1	10	17	7	63	28	549	0	0	0
0.166	1	10	17	7	63	28	549	0	0	1
0.167	1	5	17	8	20	28	549	0	0	0
0.167	1	5	17	8	20	28	549	0	0	1
0.168	1	13	17	9	94	28	549	0	0	0
0.168	1	13	17	9	94	28	549	0	0	1
0.169	1	3	17	10	96	28	549	0	0	0
0.169	1	3	17	10	96	28	549	0	0	1
0.17	1	8	18	1	71	28	549	0	0	0
0.17	1	8	18	1	71	28	549	0	0	1
0.171	1	7	18	2	29	28	549	0	0	0
0.171	1	7	18	2	29	28	549	0	0	1
0.172	1	4	18	3	78	28	549	0	0	0
0.172	1	4	18	3	78	28	549	0	0	1
0.173	1	9	18	4	39	28	549	0	0	0
0.173	1	9	18	4	39	28	549	0	0	1
0.174	1	12	18	5	82	28	549	0	0	0
0.174	1	12	18	5	82	28	549	0	0	1
0.175	1	2	18	6	50	28	549	0	0	0
0.175	1	2	18	6	50	28	549	0	0	1
0.176	1	14	18	7	1	28	549	0	0	0
0.176	1	14	18	7	1	28	549	0	0	1
0.177	1	1	18	8	87	28	549	0	0	0
0.177	1	1	18	8	87	28	549	0	0	1
0.178	1	11	18	9	58	28	549	0	0	0
0.178	1	11	18	9	58	28	549	0	0	1
0.179	1	15	18	10	12	28	549	0	0	0
0.179	1	15	18	10	12	28	549	0	0	1
0.18	1	6	19	1	91	28	549	0	0	0
0.18	1	6	19	1	91	28	549	0	0	1
0.181	1	10	19	2	63	28	549	0	0	0
0.181	1	10	19	2	63	28	549	0	0	1
0.182	1	5	19	3	20	28	549	0	0	0
0.182	1	5	19	3	20	28	549	0	0	1
0.183	1	13	19	4	94	28	549	0	0	0
0.183	1	13	19	4	94	28	549	0	0	1
0.184	1	3	19	5	96	28	549	0	0	0
0.184	1	3	19	5	96	28	549	0	0	1
0.185	1	8	19	6	71	28	549	0	0	0
0.185	1	8	19	6	71	28	549	0	0	1
0.186	1	7	19	7	29	28	549	0	0	0
0.186	1	7	19	7	29	28	549	0	0	1
0.187	1	4	19	8	78	28	549	0	0	0
0.187	1	4	19	8	78	28	549	0	0	1
0.188	1	9	19	9	39	28	549	0	0	0
0.188	1	9	19	9	39	28	549	0	0	1
0.189	1	12	19	10	82	28	549	0	0	0
0.189	1	12	19	10	82	28	549	0	0	1
0.19	1	2	20	1	50	28	549	0	0	0
0.19	1	2	20	1	50	28	549	0	0	1
0.191	1	14	20	2	1	28	549	0	0	0
0.191	1	14	20	2	1	28	549	0	0	1
0.192	1	1	20	3	87	28	549	0	0	0
0.192	1	1	20	3	87	28	549	0	0	1
0.193	1	11	20	4	58	28	549	0	0	0
0.193	1	11	20	4	58	28	549	0	0	1
0.194	1	15	20	5	12	28	549	0	0	0
0.194	1	15	20	5	12	28	549	0	0	1
0.195	1	6	20	6	91	28	549	0	0	0
0.195	1	6	20	6	91	28	549	0	0	1
0.196	1	10	20	7	63	28	549	0	0	0
0.196	1	10	20	7	63	28	549	0	0	1
0.197	1	5	20	8	20	28	549	0	0	0
0.197	1	5	20	8	20	28	549	0	0	1
0.198	1	13	20	9	94	28	549	0	0	0
0.198	1	13	20	9	94	28	549	0	0	1
0.199	1	3	20	10	96	28	549	0	0	0
0.199	1	3	20	10	96	28	549	0	0	1
0.2	1	8	21	1	71	28	549	0	0	0
0.2	1	8	21	1	71	28	549	0	0	1
0.201	1	7	21	2	29	28	549	0	0	0
0.201	1	7	21	2	29	28	549	0	0	1
0.202	1	4	21	3	78	28	549	0	0	0
0.202	1	4	21	3	78	28	549	0	0	1
0.203	1	9	21	4	39	28	549	0	0	0
0.203	1	9	21	4	39	28	549	0	0	1
0.204	1	12	21	5	82	28	549	0	0	0
0.204	1	12	21	5	82	28	549	0	0	1
0.205	1	2	21	6	50	28	549	0	0	0
0.205	1	2	21	6	50	28	549	0	0	1
0.206	1	14	21	7	1	28	549	0	0	0
0.206	1	14	21	7	1	28	549	0	0	1
0.207	1	1	21	8	87	28	549	0	0	0
0.207	1	1	21	8	87	28	549	0	0	1
0.208	1	11	21	9	58	28	549	0	0	0
0.208	1	11	21	9	58	28	549	0	0	1
0.209	1	15	21	10	12	28	549	0	0	0
0.209	1	15	21	10	12	28	549	0	0	1
0.21	1	6	22	1	91	28	549	0	0	0
0.21	1	6	22	1	91	28	549	0	0	1
0.211	1	10	22	2	63	28	549	0	0	0
0.211	1	10	22	2	63	28	549	0	0	1
0.212	1	5	22	3	20	28	549	0	0	0
0.212	1	5	22	3	20	28	549	0	0	1
0.213	1	13	22	4	94	28	549	0	0	0
0.213	1	13	22	4	94	28	549	0	0	1
0.214	1	3	22	5	96	28	549	0	0	0
0.214	1	3	22	5	96	28	549	0	0	1
0.215	1	8	22	6	71	28	549	0	0	0
0.215	1	8	22	6	71	28	549	0	0	1
0.216	1	7	22	7	29	28	549	0	0	0
0.216	1	7	22	7	29	28	549	0	0	1
0.217	1	4	22	8	78	28	549	0	0	0
0.217	1	4	22	8	78	28	549	0	0	1
0.218	1	9	22	9	39	28	549	0	0	0
0.218	1	9	22	9	39	28	549	0	0	1
0.219	1	12	22	10	82	28	549	0	0	0
0.219	1	12	22	10	82	28	549	0	0	1
0.22	1	2	23	1	50	28	549	0	0	0
0.22	1	2	23	1	50	28	549	0	0	1
0.221	1	14	23	2	1	28	549	0	0	0
0.221	1	14	23	2	1	28	549	0	0	1
0.222	1	1	23	3	87	28	549	0	0	0
0.222	1	1	23	3	87	28	549	0	0	1
0.223	1	11	23	4	58	28	549	0	0	0
0.223	1	11	23	4	58	28	549	0	0	1
0.224	1	15	23	5	12	28	549	0	0	0
0.224	1	15	23	5	12	28	549	0	0	1
0.225	1	6	23	6	91	28	549	0	0	0
0.225	1	6	23	6	91	28	549	0	0	1
0.226	1	10	23	7	63	28	549	0	0	0
0.226	1	10	23	7	63	28	549	0	0	1
0.227	1	5	23	8	20	28	549	0	0	0
0.227	1	5	23	8	20	28	549	0	0	1
0.228	1	13	23	9	94	28	549	0	0	0
0.228	1	13	23	9	94	28	549	0	0	1
0.229	1	3	23	10	96	28	549	0	0	0
0.229	1	3	23	10	96	28	549	0	0	1
0.23	1	8	24	1	71	28	549	0	0	0
0.23	1	8	24	1	71	28	549	0	0	1
0.231	1	7	24	2	29	28	549	0	0	0
0.231	1	7	24	2	29	28	549	0	0	1
0.232	1	4	24	3	78	28	549	0	0	0
0.232	1	4	24	3	78	28	549	0	0	1
0.233	1	9	24	4	39	28	549	0	0	0
0.233	1	9	24	4	39	28	549	0	0	1
0.234	1	12	24	5	82	28	549	0	0	0
0.234	1	12	24	5	82	28	549	0	0	1
0.235	1	2	24	6	50	28	549	0	0	0
0.235	1	2	24	6	50	28	549	0	0	1
0.236	1	14	24	7	1	28	549	0	0	0
0.236	1	14	24	7	1	28	549	0	0	1
0.237	1	1	24	8	87	28	549	0	0	0
0.237	1	1	24	8	87	28	549	0	0	1
0.238	1	11	24	9	58	28	549	0	0	0
0.238	1	11	24	9	58	28	549	0	0	1
0.239	1	15	24	10	12	28	549	0	0	0
0.239	1	15	24	10	12	28	549	0	0	1
0.24	1	6	25	1	91	28	549	0	0	0
0.24	1	6	25	1	91	28	549	0	0	1
0.241	1	10	25	2	63	28	549	0	0	0
0.241	1	10	25	2	63	28	549	0	0	1
0.242	1	5	25	3	20	28	549	0	0	0
0.242	1	5	25	3	20	28	549	0	0	1
0.243	1	13	25	4	94	28	549	0	0	0
0.243	1	13	25	4	94	28	549	0	0	1
0.244	1	3	25	5	96	28	549	0	0	0
0.244	1	3	25	5	96	28	549	0	0	1
0.245	1	8	25	6	71	28	549	0	0	0
0.245	1	8	25	6	71	28	549	0	0	1
0.246	1	7	25	7	29	28	549	0	0	0
0.246	1	7	25	7	29	28	549	0	0	1
0.247	1	4	25	8	78	28	549	0	0	0
0.247	1	4	25	8	78	28	549	0	0	1
0.248	1	9	25	9	39	28	549	0	0	0
0.248	1	9	25	9	39	28	549	0	0	1
0.249	1	12	25	10	82	28	549	0	0	0
0.249	1	12	25	10	82	28	549	0	0	1
0.25	1	2	26	1	50	28	549	0	0	0
0.25	1	2	26	1	50	28	549	0	0	1
0.251	1	14	26	2	1	28	549	0	0	0
0.251	1	14	26	2	1	28	549	0	0	1
0.252	1	1	26	3	87	28	549	0	0	0
0.252	1	1	26	3	87	28	549	0	0	1
0.253	1	11	26	4	58	28	549	0	0	0
0.253	1	11	26	4	58	28	549	0	0	1
0.254	1	15	26	5	12	28	549	0	0	0
0.254	1	15	26	5	12	28	549	0	0	1
0.255	1	6	26	6	91	28	549	0	0	0
0.255	1	6	26	6	91	28	549	0	0	1
0.256	1	10	26	7	63	28	549	0	0	0
0.256	1	10	26	7	63	28	549	0	0	1
0.257	1	5	26	8	20	28	549	0	0	0
0.257	1	5	26	8	20	28	549	0	0	1
0.258	1	13	26	9	94	28	549	0	0	0
0.258	1	13	26	9	94	28	549	0	0	1
0.259	1	3	26	10	96	28	549	0	0	0
0.259	1	3	26	10	96	28	549	0	0	1
0.26	1	8	27	1	71	28	549	0	0	0
0.26	1	8	27	1	71	28	549	0	0	1
0.261	1	7	27	2	29	28	549	0	0	0
0.261	1	7	27	2	29	28	549	0	0	1
0.262	1	4	27	3	78	28	549	0	0	0
0.262	1	4	27	3	78	28	549	0	0	1
0.263	1	9	27	4	39	28	549	0	0	0
0.263	1	9	27	4	39	28	549	0	0	1
0.264	1	12	27	5	82	28	549	0	0	0
0.264	1	12	27	5	82	28	549	0	0	1
0.265	1	2	27	6	50	28	549	0	0	0
0.265	1	2	27	6	50	28	549	0	0	1
0.266	1	14	27	7	1	28	549	0	0	0
0.266	1	14	27	7	1	28	549	0	0	1
0.267	1	1	27	8	87	28	549	0	0	0
0.267	1	1	27	8	87	28	549	0	0	1
0.268	1	11	27	9	58	28	549	0	0	0
0.268	1	11	27	9	58	28	549	0	0	1
0.269	1	15	27	10	12	28	549	0	0	0
0.269	1	15	27	10	12	28	549	0	0	1
0.27	1	6	28	1	91	28	549	0	0	0
0.27	1	6	28	1	91	28	549	0	0	1
0.271	1	10	28	2	63	28	549	0	0	0
0.271	1	10	28	2	63	28	549	0	0	1
0.272	1	5	28	3	20	28	549	0	0	0
0.272	1	5	28	3	20	28	549	0	0	1
0.273	1	13	28	4	94	28	549	0	0	0
0.273	1	13	28	4	94	28	549	0	0	1
0.274	1	3	28	5	96	28	549	0	0	0
0.274	1	3	28	5	96	28	549	0	0	1
0.275	1	8	28	6	71	28	549	0	0	0
0.275	1	8	28	6	71	28	549	0	0	1
0.276	1	7	28	7	29	28	549	0	0	0
0.276	1	7	28	7	29	28	549	0	0	1
0.277	1	4	28	8	78	28	549	0	0	0
0.277	1	4	28	8	78	28	549	0	0	1
0.278	1	9	28	9	39	28	549	0	0	0
0.278	1	9	28	9	39	28	549	0	0	1
0.279	1	12	28	10	82	28	549	0	0	0
0.279	1	12	28	10	82	28	549	0	0	1
0.28	1	2	29	1	50	28	549	0	0	0
0.28	1	2	29	1	50	28	549	0	0	1
0.281	1	14	29	2	1	28	549	0	0	0
0.281	1	14	29	2	1	28	549	0	0	1
0.282	1	1	29	3	87	28	549	0	0	0
0.282	1	1	29	3	87	28	549	0	0	1
0.283	1	11	29	4	58	28	549	0	0	0
0.283	1	11	29	4	58	28	549	0	0	1
0.284	1	15	29	5	12	28	549	0	0	0
0.284	1	15	29	5	12	28	549	0	0	1
0.285	1	6	29	6	91	28	549	0	0	0
0.285	1	6	29	6	91	28	549	0	0	1
0.286	1	10	29	7	63	28	549	0	0	0
0.286	1	10	29	7	63	28	549	0	0	1
0.287	1	5	29	8	20	28	549	0	0	0
0.287	1	5	29	8	20	28	549	0	0	1
0.288	1	13	29	9	94	28	549	0	0	0
0.288	1	13	29	9	94	28	549	0	0	1
0.289	1	3	29	10	96	28	549	0	0	0
0.289	1	3	29	10	96	28	549	0	0	1
0.29	1	8	30	1	71	28	549	0	0	0
0.29	1	8	30	1	71	28	549	0	0	1
0.291	1	7	30	2	29	28	549	0	0	0
0.291	1	7	30	2	29	28	549	0	0	1
0.292	1	4	30	3	78	28	549	0	0	0
0.292	1	4	30	3	78	28	549	0	0	1
0.293	1	9	30	4	39	28	549	0	0	0
0.293	1	9	30	4	39	28	549	0	0	1
0.294	1	12	30	5	82	28	549	0	0	0
0.294	1	12	30	5	82	28	549	0	0	1
0.295	1	2	30	6	50	28	549	0	0	0
0.295	1	2	30	6	50	28	549	0	0	1
0.296	1	14	30	7	1	28	549	0	0	0
0.296	1	14	30	7	1	28	549	0	0	1
0.297	1	1	30	8	87	28	549	0	0	0
0.297	1	1	30	8	87	28	549	0	0	1
0.298	1	11	30	9	58	28	549	0	0	0
0.298	1	11	30	9	58	28	549	0	0	1
0.299	1	15	30	10	12	28	549	0	0	0
0.299	1	15	30	10	12	28	549	0	0	1
0.3	1	6	31	1	91	28	549	0	0	0
0.3	1	6	31	1	91	28	549	0	0	1
0.301	1	10	31	2	63	28	549	0	0	0
0.301	1	10	31	2	63	28	549	0	0	1
0.302	1	5	31	3	20	28	549	0	0	0
0.302	1	5	31	3	20	28	549	0	0	1
0.303	1	13	31	4	94	28	549	0	0	0
0.303	1	13	31	4	94	28	549	0	0	1
0.304	1	3	31	5	96	28	549	0	0	0
0.304	1	3	31	5	96	28	549	0	0	1
0.305	1	8	31	6	71	28	549	0	0	0
0.305	1	8	31	6	71	28	549	0	0	1
0.306	1	7	31	7	29	28	549	0	0	0
0.306	1	7	31	7	29	28	549	0	0	1
0.307	1	4	31	8	78	28	549	0	0	0
0.307	1	4	31	8	78	28	549	0	0	1
0.308	1	9	31	9	39	28	549	0	0	0
0.308	1	9	31	9	39	28	549	0	0	1
0.309	1	12	31	10	82	28	549	0	0	0
0.309	1	12	31	10	82	28	549	0	0	1
0.31	1	2	32	1	50	28	549	0	0	0
0.31	1	2	32	1	50	28	549	0	0	1
1.625	2	1	163	6	1	0	81	0	0	0
0.311	1	14	32	2	1	28	549	0	0	0
0.311	1	14	32	2	1	28	549	0	0	1
0.312	1	1	32	3	87	28	549	0	0	0
0.312	1	1	32	3	87	28	549	0	0	1
1.64	2	1	165	1	1	28	2196	0	0	0
1.641	2	1	165	2	1	28	2196	0	0	0
0.313	1	11	32	4	58	28	549	0	0	0
0.313	1	11	32	4	58	28	549	0	0	1
1.642	2	1	165	3	1	28	2196	0	0	0
1.643	2	1	165	4	1	28	2196	0	0	0
1.644	2	1	165	5	1	28	2196	0	0	0
0.314	1	15	32	5	12	28	549	0	0	0
0.314	1	15	32	5	12	28	549	0	0	1
1.645	2	1	165	6	1	28	2196	0	0	0
1.646	2	1	165	7	1	28	2196	0	0	0
1.647	2	1	165	8	1	28	2196	0	0	0
1.648	2	1	165	9	1	28	2196	0	0	0
1.649	2	1	165	10	1	28	2196	0	0	0
0.315	1	6	32	6	91	28	549	0	0	0
0.315	1	6	32	6	91	28	549	0	0	1
1.65	2	1	166	1	1	28	2196	0	0	0
1.651	2	1	166	2	1	28	2196	0	0	0
1.652	2	1	166	3	1	28	2196	0	0	0
0.316	1	10	32	7	63	28	549	0	0	0
0.316	1	10	32	7	63	28	549	0	0	1
1.653	2	1	166	4	1	28	2196	0	0	0
1.654	2	1	166	5	1	28	2196	0	0	0
1.655	2	1	166	6	1	28	2196	0	0	0
1.656	2	1	166	7	1	28	2196	0	0	0
0.317	1	5	32	8	20	28	549	0	0	0
1.657	2	1	166	8	1	28	2196	0	0	0
0.317	1	5	32	8	20	28	549	0	0	1
1.658	2	1	166	9	1	28	2196	0	0	0
0.318	1	13	32	9	94	28	549	0	0	0
1.659	2	1	166	10	1	28	2196	0	0	0
0.318	1	13	32	9	94	28	549	0	0	1
1.66	2	1	167	1	1	28	2196	0	0	0
1.661	2	1	167	2	1	28	2196	0	0	0
1.662	2	1	167	3	1	28	2196	0	0	0
0.319	1	3	32	10	96	28	549	0	0	0
0.319	1	3	32	10	96	28	549	0	0	1
1.663	2	1	167	4	1	28	2196	0	0	0
1.664	2	1	167	5	1	28	2196	0	0	0
0.32	1	8	33	1	71	28	549	0	0	0
0.32	1	8	33	1	71	28	549	0	0	1
1.665	2	1	167	6	1	28	2196	0	0	0
1.666	2	1	167	7	1	28	2196	0	0	0
1.667	2	1	167	8	1	28	2196	0	0	0
1.668	2	1	167	9	1	28	2196	0	0	0
0.321	1	7	33	2	29	28	549	0	0	0
0.321	1	7	33	2	29	28	549	0	0	1
1.669	2	1	167	10	1	28	2196	0	0	0
1.67	2	1	168	1	1	28	2196	0	0	0
0.322	1	4	33	3	78	28	549	0	0	0
0.322	1	4	33	3	78	28	549	0	0	1
1.671	2	1	168	2	1	28	2196	0	0	0
1.672	2	1	168	3	1	28	2196	0	0	0
1.673	2	1	168	4	1	28	2196	0	0	0
0.323	1	9	33	4	39	28	549	0	0	0
0.323	1	9	33	4	39	28	549	0	0	1
1.674	2	1	168	5	1	28	2196	0	0	0
1.675	2	1	168	6	1	28	2196	0	0	0
0.324	1	12	33	5	82	28	549	0	0	0
0.324	1	12	33	5	82	28	549	0	0	1
1.676	2	1	168	7	1	28	2196	0	0	0
1.677	2	1	168	8	1	28	2196	0	0	0
1.678	2	1	168	9	1	28	2196	0	0	0
1.679	2	1	168	10	1	28	2196	0	0	0
0.325	1	2	33	6	50	28	549	0	0	0
0.325	1	2	33	6	50	28	549	0	0	1
1.68	2	1	169	1	1	28	2196	0	0	0
1.681	2	1	169	2	1	28	2196	0	0	0
0.326	1	14	33	7	1	28	549	0	0	0
0.326	1	14	33	7	1	28	549	0	0	1
1.682	2	1	169	3	1	28	2196	0	0	0
1.683	2	1	169	4	1	28	2196	0	0	0
1.684	2	1	169	5	1	28	2196	0	0	0
0.327	1	1	33	8	87	28	549	0	0	0
0.327	1	1	33	8	87	28	549	0	0	1
1.685	2	1	169	6	1	28	2196	0	0	0
1.686	2	1	169	7	1	28	2196	0	0	0
0.328	1	11	33	9	58	28	549	0	0	0
0.328	1	11	33	9	58	28	549	0	0	1
1.687	2	1	169	8	1	28	2196	0	0	0
1.688	2	1	169	9	1	28	2196	0	0	0
1.689	2	1	169	10	1	28	2196	0	0	0
1.69	2	1	170	1	1	28	2196	0	0	0
0.329	1	15	33	10	12	28	549	0	0	0
0.329	1	15	33	10	12	28	549	0	0	1
1.691	2	1	170	2	1	28	2196	0	0	0
1.692	2	1	170	3	1	28	2196	0	0	0
0.33	1	6	34	1	91	28	549	0	0	0
0.33	1	6	34	1	91	28	549	0	0	1
1.693	2	1	170	4	1	28	2196	0	0	0
1.694	2	1	170	5	1	28	2196	0	0	0
1.695	2	1	170	6	1	28	2196	0	0	0
0.331	1	10	34	2	63	28	549	0	0	0
1.696	2	1	170	7	1	28	2196	0	0	0
0.331	1	10	34	2	63	28	549	0	0	1
1.697	2	1	170	8	1	28	2196	0	0	0
0.332	1	5	34	3	20	28	549	0	0	0
0.332	1	5	34	3	20	28	549	0	0	1
1.698	2	1	170	9	1	28	2196	0	0	0
1.699	2	1	170	10	1	28	2196	0	0	0
1.7	2	1	171	1	1	28	2196	0	0	0
1.701	2	1	171	2	1	28	2196	0	0	0
0.333	1	13	34	4	94	28	549	0	0	0
0.333	1	13	34	4	94	28	549	0	0	1
1.702	2	1	171	3	1	28	2196	0	0	0
1.703	2	1	171	4	1	28	2196	0	0	0
0.334	1	3	34	5	96	28	549	0	0	0
0.334	1	3	34	5	96	28	549	0	0	1
1.704	2	1	171	5	1	28	2196	0	0	0
1.705	2	1	171	6	1	28	2196	0	0	0
1.706	2	1	171	7	1	28	2196	0	0	0
0.335	1	8	34	6	71	28	549	0	0	0
1.707	2	1	171	8	1	28	2196	0	0	0
0.335	1	8	34	6	71	28	549	0	0	1
1.708	2	1	171	9	1	28	2196	0	0	0
0.336	1	7	34	7	29	28	549	0	0	0
1.709	2	1	171	10	1	28	2196	0	0	0
0.336	1	7	34	7	29	28	549	0	0	1
1.71	2	1	172	1	1	28	2196	0	0	0
1.711	2	1	172	2	1	28	2196	0	0	0
1.712	2	1	172	3	1	28	2196	0	0	0
0.337	1	4	34	8	78	28	549	0	0	0
0.337	1	4	34	8	78	28	549	0	0	1
1.713	2	1	172	4	1	28	2196	0	0	0
1.714	2	1	172	5	1	28	2196	0	0	0
0.338	1	9	34	9	39	28	549	0	0	0
0.338	1	9	34	9	39	28	549	0	0	1
1.715	2	1	172	6	1	28	2196	0	0	0
1.716	2	1	172	7	1	28	2196	0	0	0
1.717	2	1	172	8	1	28	2196	0	0	0
1.718	2	1	172	9	1	28	2196	0	0	0
0.339	1	12	34	10	82	28	549	0	0	0
0.339	1	12	34	10	82	28	549	0	0	1
1.719	2	1	172	10	1	28	2196	0	0	0
1.72	2	1	173	1	1	28	2196	0	0	0
0.34	1	2	35	1	50	28	549	0	0	0
0.34	1	2	35	1	50	28	549	0	0	1
1.721	2	1	173	2	1	28	2196	0	0	0
1.722	2	1	173	3	1	28	2196	0	0	0
1.723	2	1	173	4	1	28	2196	0	0	0
1.724	2	1	173	5	1	28	2196	0	0	0
0.341	1	14	35	2	1	28	549	0	0	0
0.341	1	14	35	2	1	28	549	0	0	1
1.725	2	1	173	6	1	28	2196	0	0	0
1.726	2	1	173	7	1	28	2196	0	0	0
0.342	1	1	35	3	87	28	549	0	0	0
0.342	1	1	35	3	87	28	549	0	0	1
1.727	2	1	173	8	1	28	2196	0	0	0
1.728	2	1	173	9	1	28	2196	0	0	0
1.729	2	1	173	10	1	28	2196	0	0	0
0.343	1	11	35	4	58	28	549	0	0	0
1.73	2	1	174	1	1	28	2196	0	0	0
0.343	1	11	35	4	58	28	549	0	0	1
1.731	2	1	174	2	1	28	2196	0	0	0
0.344	1	15	35	5	12	28	549	0	0	0
1.732	2	1	174	3	1	28	2196	0	0	0
0.344	1	15	35	5	12	28	549	0	0	1
1.733	2	1	174	4	1	28	2196	0	0	0
1.734	2	1	174	5	1	28	2196	0	0	0
1.735	2	1	174	6	1	28	2196	0	0	0
0.345	1	6	35	6	91	28	549	0	0	0
0.345	1	6	35	6	91	28	549	0	0	1
1.736	2	1	174	7	1	28	2196	0	0	0
1.737	2	1	174	8	1	28	2196	0	0	0
0.346	1	10	35	7	63	28	549	0	0	0
0.346	1	10	35	7	63	28	549	0	0	1
1.738	2	1	174	9	1	28	2196	0	0	0
1.739	2	1	174	10	1	28	2196	0	0	0
1.74	2	1	175	1	1	28	2196	0	0	0
0.347	1	5	35	8	20	28	549	0	0	0
1.741	2	1	175	2	1	28	2196	0	0	0
0.347	1	5	35	8	20	28	549	0	0	1
1.742	2	1	175	3	1	28	2196	0	0	0
1.743	2	1	175	4	1	28	2196	0	0	0
0.348	1	13	35	9	94	28	549	0	0	0
0.348	1	13	35	9	94	28	549	0	0	1
1.744	2	1	175	5	1	28	2196	0	0	0
0.349	1	3	35	10	96	28	549	0	0	0
0.349	1	3	35	10	96	28	549	0	0	1
1.745	2	1	175	6	1	28	2196	0	0	0
0.35	1	8	36	1	71	28	549	0	0	0
0.35	1	8	36	1	71	28	549	0	0	1
1.746	2	1	175	7	1	28	2196	0	0	0
1.747	2	1	175	8	1	28	2196	0	0	0
1.748	2	1	175	9	1	28	2196	0	0	0
0.351	1	7	36	2	29	28	549	0	0	0
0.351	1	7	36	2	29	28	549	0	0	1
1.749	2	1	175	10	1	28	2196	0	0	0
1.75	2	1	176	1	1	28	2196	0	0	0
0.352	1	4	36	3	78	28	549	0	0	0
0.352	1	4	36	3	78	28	549	0	0	1
1.751	2	1	176	2	1	28	2196	0	0	0
1.752	2	1	176	3	1	28	2196	0	0	0
1.753	2	1	176	4	1	28	2196	0	0	0
0.353	1	9	36	4	39	28	549	0	0	0
0.353	1	9	36	4	39	28	549	0	0	1
1.754	2	1	176	5	1	28	2196	0	0	0
1.755	2	1	176	6	1	28	2196	0	0	0
0.354	1	12	36	5	82	28	549	0	0	0
0.354	1	12	36	5	82	28	549	0	0	1
1.756	2	1	176	7	1	28	2196	0	0	0
1.757	2	1	176	8	1	28	2196	0	0	0
1.758	2	1	176	9	1	28	2196	0	0	0
0.355	1	2	36	6	50	28	549	0	0	0
0.355	1	2	36	6	50	28	549	0	0	1
1.759	2	1	176	10	1	28	2196	0	0	0
1.76	2	1	177	1	1	28	2196	0	0	0
0.356	1	14	36	7	1	28	549	0	0	0
0.356	1	14	36	7	1	28	549	0	0	1
1.761	2	1	177	2	1	28	2196	0	0	0
1.762	2	1	177	3	1	28	2196	0	0	0
1.763	2	1	177	4	1	28	2196	0	0	0
0.357	1	1	36	8	87	28	549	0	0	0
1.764	2	1	177	5	1	28	2196	0	0	0
0.357	1	1	36	8	87	28	549	0	0	1
1.765	2	1	177	6	1	28	2196	0	0	0
0.358	1	11	36	9	58	28	549	0	0	0
0.358	1	11	36	9	58	28	549	0	0	1
1.766	2	1	177	7	1	28	2196	0	0	0
1.767	2	1	177	8	1	28	2196	0	0	0
1.768	2	1	177	9	1	28	2196	0	0	0
1.769	2	1	177	10	1	28	2196	0	0	0
0.359	1	15	36	10	12	28	549	0	0	0
0.359	1	15	36	10	12	28	549	0	0	1
1.77	2	1	178	1	1	28	2196	0	0	0
0.36	1	6	37	1	91	28	549	0	0	0
1.771	2	1	178	2	1	28	2196	0	0	0
0.36	1	6	37	1	91	28	549	0	0	1
1.772	2	1	178	3	1	28	2196	0	0	0
1.773	2	1	178	4	1	28	2196	0	0	0
1.774	2	1	178	5	1	28	2196	0	0	0
0.361	1	10	37	2	63	28	549	0	0	0
0.361	1	10	37	2	63	28	549	0	0	1
1.775	2	1	178	6	1	28	2196	0	0	0
1.776	2	1	178	7	1	28	2196	0	0	0
0.362	1	5	37	3	20	28	549	0	0	0
0.362	1	5	37	3	20	28	549	0	0	1
1.777	2	1	178	8	1	28	2196	0	0	0
1.778	2	1	178	9	1	28	2196	0	0	0
1.779	2	1	178	10	1	28	2196	0	0	0
1.78	2	1	179	1	1	28	2196	0	0	0
0.363	1	13	37	4	94	28	549	0	0	0
0.363	1	13	37	4	94	28	549	0	0	1
1.781	2	1	179	2	1	28	2196	0	0	0
0.364	1	3	37	5	96	28	549	0	0	0
1.782	2	1	179	3	1	28	2196	0	0	0
0.364	1	3	37	5	96	28	549	0	0	1
1.783	2	1	179	4	1	28	2196	0	0	0
1.784	2	1	179	5	1	28	2196	0	0	0
1.785	2	1	179	6	1	28	2196	0	0	0
0.365	1	8	37	6	71	28	549	0	0	0
1.786	2	1	179	7	1	28	2196	0	0	0
0.365	1	8	37	6	71	28	549	0	0	1
1.787	2	1	179	8	1	28	2196	0	0	0
1.788	2	1	179	9	1	28	2196	0	0	0
0.366	1	7	37	7	29	28	549	0	0	0
0.366	1	7	37	7	29	28	549	0	0	1
1.789	2	1	179	10	1	28	2196	0	0	0
1.79	2	1	180	1	1	28	2196	0	0	0
1.791	2	1	180	2	1	28	2196	0	0	0
0.367	1	4	37	8	78	28	549	0	0	0
0.367	1	4	37	8	78	28	549	0	0	1
1.792	2	1	180	3	1	28	2196	0	0	0
1.793	2	1	180	4	1	28	2196	0	0	0
0.368	1	9	37	9	39	28	549	0	0	0
0.368	1	9	37	9	39	28	549	0	0	1
1.794	2	1	180	5	1	28	2196	0	0	0
1.795	2	1	180	6	1	28	2196	0	0	0
1.796	2	1	180	7	1	28	2196	0	0	0
1.797	2	1	180	8	1	28	2196	0	0	0
0.369	1	12	37	10	82	28	549	0	0	0
0.369	1	12	37	10	82	28	549	0	0	1
1.798	2	1	180	9	1	28	2196	0	0	0
0.37	1	2	38	1	50	28	549	0	0	0
1.799	2	1	180	10	1	28	2196	0	0	0
0.37	1	2	38	1	50	28	549	0	0	1
1.8	2	1	181	1	1	28	2196	0	0	0
1.801	2	1	181	2	1	28	2196	0	0	0
1.802	2	1	181	3	1	28	2196	0	0	0
0.371	1	14	38	2	1	28	549	0	0	0
0.371	1	14	38	2	1	28	549	0	0	1
1.803	2	1	181	4	1	28	2196	0	0	0
1.804	2	1	181	5	1	28	2196	0	0	0
0.372	1	1	38	3	87	28	549	0	0	0
0.372	1	1	38	3	87	28	549	0	0	1
1.805	2	1	181	6	1	28	2196	0	0	0
1.806	2	1	181	7	1	28	2196	0	0	0
1.807	2	1	181	8	1	28	2196	0	0	0
0.373	1	11	38	4	58	28	549	0	0	0
0.373	1	11	38	4	58	28	549	0	0	1
1.808	2	1	181	9	1	28	2196	0	0	0
1.809	2	1	181	10	1	28	2196	0	0	0
0.374	1	15	38	5	12	28	549	0	0	0
0.374	1	15	38	5	12	28	549	0	0	1
1.81	2	1	182	1	1	28	2196	0	0	0
1.811	2	1	182	2	1	28	2196	0	0	0
1.812	2	1	182	3	1	28	2196	0	0	0
1.813	2	1	182	4	1	28	2196	0	0	0
0.375	1	6	38	6	91	28	549	0	0	0
0.375	1	6	38	6	91	28	549	0	0	1
1.814	2	1	182	5	1	28	2196	0	0	0
1.815	2	1	182	6	1	28	2196	0	0	0
0.376	1	10	38	7	63	28	549	0	0	0
0.376	1	10	38	7	63	28	549	0	0	1
1.816	2	1	182	7	1	28	2196	0	0	0
1.817	2	1	182	8	1	28	2196	0	0	0
1.818	2	1	182	9	1	28	2196	0	0	0
0.377	1	5	38	8	20	28	549	0	0	0
0.377	1	5	38	8	20	28	549	0	0	1
1.819	2	1	182	10	1	28	2196	0	0	0
1.82	2	1	183	1	1	28	2196	0	0	0
0.378	1	13	38	9	94	28	549	0	0	0
0.378	1	13	38	9	94	28	549	0	0	1
1.821	2	1	183	2	1	28	2196	0	0	0
1.822	2	1	183	3	1	28	2196	0	0	0
1.823	2	1	183	4	1	28	2196	0	0	0
0.379	1	3	38	10	96	28	549	0	0	0
0.379	1	3	38	10	96	28	549	0	0	1
1.824	2	1	183	5	1	28	2196	0	0	0
1.825	2	1	183	6	1	28	2196	0	0	0
0.38	1	8	39	1	71	28	549	0	0	0
0.38	1	8	39	1	71	28	549	0	0	1
1.826	2	1	183	7	1	28	2196	0	0	0
1.827	2	1	183	8	1	28	2196	0	0	0
1.828	2	1	183	9	1	28	2196	0	0	0
1.829	2	1	183	10	1	28	2196	0	0	0
0.381	1	7	39	2	29	28	549	0	0	0
0.381	1	7	39	2	29	28	549	0	0	1
1.83	2	1	184	1	1	28	2196	0	0	0
1.831	2	1	184	2	1	28	2196	0	0	0
0.382	1	4	39	3	78	28	549	0	0	0
0.382	1	4	39	3	78	28	549	0	0	1
1.832	2	1	184	3	1	28	2196	0	0	0
1.833	2	1	184	4	1	28	2196	0	0	0
1.834	2	1	184	5	1	28	2196	0	0	0
1.835	2	1	184	6	1	28	2196	0	0	0
0.383	1	9	39	4	39	28	549	0	0	0
0.383	1	9	39	4	39	28	549	0	0	1
1.836	2	1	184	7	1	28	2196	0	0	0
1.837	2	1	184	8	1	28	2196	0	0	0
0.384	1	12	39	5	82	28	549	0	0	0
0.384	1	12	39	5	82	28	549	0	0	1
1.838	2	1	184	9	1	28	2196	0	0	0
1.839	2	1	184	10	1	28	2196	0	0	0
1.84	2	1	185	1	1	28	2196	0	0	0
0.385	1	2	39	6	50	28	549	0	0	0
0.385	1	2	39	6	50	28	549	0	0	1
1.841	2	1	185	2	1	28	2196	0	0	0
1.842	2	1	185	3	1	28	2196	0	0	0
0.386	1	14	39	7	1	28	549	0	0	0
0.386	1	14	39	7	1	28	549	0	0	1
1.843	2	1	185	4	1	28	2196	0	0	0
1.844	2	1	185	5	1	28	2196	0	0	0
1.845	2	1	185	6	1	28	2196	0	0	0
0.387	1	1	39	8	87	28	549	0	0	0
1.846	2	1	185	7	1	28	2196	0	0	0
0.387	1	1	39	8	87	28	549	0	0	1
1.847	2	1	185	8	1	28	2196	0	0	0
0.388	1	11	39	9	58	28	549	0	0	0
0.388	1	11	39	9	58	28	549	0	0	1
1.848	2	1	185	9	1	28	2196	0	0	0
1.849	2	1	185	10	1	28	2196	0	0	0
1.85	2	1	186	1	1	28	2196	0	0	0
0.389	1	15	39	10	12	28	549	0	0	0
1.851	2	1	186	2	1	28	2196	0	0	0
0.389	1	15	39	10	12	28	549	0	0	1
1.852	2	1	186	3	1	28	2196	0	0	0
0.39	1	6	40	1	91	28	549	0	0	0
1.853	2	1	186	4	1	28	2196	0	0	0
0.39	1	6	40	1	91	28	549	0	0	1
1.854	2	1	186	5	1	28	2196	0	0	0
1.855	2	1	186	6	1	28	2196	0	0	0
1.856	2	1	186	7	1	28	2196	0	0	0
0.391	1	10	40	2	63	28	549	0	0	0
0.391	1	10	40	2	63	28	549	0	0	1
1.857	2	1	186	8	1	28	2196	0	0	0
1.858	2	1	186	9	1	28	2196	0	0	0
0.392	1	5	40	3	20	28	549	0	0	0
0.392	1	5	40	3	20	28	549	0	0	1
1.859	2	1	186	10	1	28	2196	0	0	0
1.86	2	1	187	1	1	28	2196	0	0	0
1.861	2	1	187	2	1	28	2196	0	0	0
0.393	1	13	40	4	94	28	549	0	0	0
0.393	1	13	40	4	94	28	549	0	0	1
1.862	2	1	187	3	1	28	2196	0	0	0
1.863	2	1	187	4	1	28	2196	0	0	0
0.394	1	3	40	5	96	28	549	0	0	0
0.394	1	3	40	5	96	28	549	0	0	1
1.864	2	1	187	5	1	28	2196	0	0	0
1.865	2	1	187	6	1	28	2196	0	0	0
1.866	2	1	187	7	1	28	2196	0	0	0
0.395	1	8	40	6	71	28	549	0	0	0
0.395	1	8	40	6	71	28	549	0	0	1
1.867	2	1	187	8	1	28	2196	0	0	0
1.868	2	1	187	9	1	28	2196	0	0	0
0.396	1	7	40	7	29	28	549	0	0	0
0.396	1	7	40	7	29	28	549	0	0	1
1.869	2	1	187	10	1	28	2196	0	0	0
1.87	2	1	188	1	1	28	2196	0	0	0
1.871	2	1	188	2	1	28	2196	0	0	0
1.872	2	1	188	3	1	28	2196	0	0	0
0.397	1	4	40	8	78	28	549	0	0	0
0.397	1	4	40	8	78	28	549	0	0	1
1.873	2	1	188	4	1	28	2196	0	0	0
0.398	1	9	40	9	39	28	549	0	0	0
1.874	2	1	188	5	1	28	2196	0	0	0
0.398	1	9	40	9	39	28	549	0	0	1
1.875	2	1	188	6	1	28	2196	0	0	0
1.876	2	1	188	7	1	28	2196	0	0	0
1.877	2	1	188	8	1	28	2196	0	0	0
0.399	1	12	40	10	82	28	549	0	0	0
0.399	1	12	40	10	82	28	549	0	0	1
1.878	2	1	188	9	1	28	2196	0	0	0
1.879	2	1	188	10	1	28	2196	0	0	0
0.4	1	2	41	1	50	28	549	0	0	0
0.4	1	2	41	1	50	28	549	0	0	1
1.88	2	1	189	1	1	28	2196	0	0	0
1.881	2	1	189	2	1	28	2196	0	0	0
1.882	2	1	189	3	1	28	2196	0	0	0
1.883	2	1	189	4	1	28	2196	0	0	0
0.401	1	14	41	2	1	28	549	0	0	0
0.401	1	14	41	2	1	28	549	0	0	1
1.884	2	1	189	5	1	28	2196	0	0	0
1.885	2	1	189	6	1	28	2196	0	0	0
0.402	1	1	41	3	87	28	549	0	0	0
0.402	1	1	41	3	87	28	549	0	0	1
1.886	2	1	189	7	1	28	2196	0	0	0
1.887	2	1	189	8	1	28	2196	0	0	0
1.888	2	1	189	9	1	28	2196	0	0	0
0.403	1	11	41	4	58	28	549	0	0	0
0.403	1	11	41	4	58	28	549	0	0	1
1.889	2	1	189	10	1	28	2196	0	0	0
1.89	2	1	190	1	1	28	2196	0	0	0
0.404	1	15	41	5	12	28	549	0	0	0
0.404	1	15	41	5	12	28	549	0	0	1
1.891	2	1	190	2	1	28	2196	0	0	0
1.892	2	1	190	3	1	28	2196	0	0	0
1.893	2	1	190	4	1	28	2196	0	0	0
0.405	1	6	41	6	91	28	549	0	0	0
0.405	1	6	41	6	91	28	549	0	0	1
1.894	2	1	190	5	1	28	2196	0	0	0
1.895	2	1	190	6	1	28	2196	0	0	0
0.406	1	10	41	7	63	28	549	0	0	0
0.406	1	10	41	7	63	28	549	0	0	1
1.896	2	1	190	7	1	28	2196	0	0	0
1.897	2	1	190	8	1	28	2196	0	0	0
1.898	2	1	190	9	1	28	2196	0	0	0
0.407	1	5	41	8	20	28	549	0	0	0
1.899	2	1	190	10	1	28	2196	0	0	0
0.407	1	5	41	8	20	28	549	0	0	1
1.9	2	1	191	1	1	28	2196	0	0	0
0.408	1	13	41	9	94	28	549	0	0	0
1.901	2	1	191	2	1	28	2196	0	0	0
0.408	1	13	41	9	94	28	549	0	0	1
1.902	2	1	191	3	1	28	2196	0	0	0
1.903	2	1	191	4	1	28	2196	0	0	0
1.904	2	1	191	5	1	28	2196	0	0	0
0.409	1	3	41	10	96	28	549	0	0	0
0.409	1	3	41	10	96	28	549	0	0	1
1.905	2	1	191	6	1	28	2196	0	0	0
1.906	2	1	191	7	1	28	2196	0	0	0
0.41	1	8	42	1	71	28	549	0	0	0
0.41	1	8	42	1	71	28	549	0	0	1
1.907	2	1	191	8	1	28	2196	0	0	0
1.908	2	1	191	9	1	28	2196	0	0	0
1.909	2	1	191	10	1	28	2196	0	0	0
0.411	1	7	42	2	29	28	549	0	0	0
1.91	2	1	192	1	1	28	2196	0	0	0
0.411	1	7	42	2	29	28	549	0	0	1
1.911	2	1	192	2	1	28	2196	0	0	0
1.912	2	1	192	3	1	28	2196	0	0	0
0.412	1	4	42	3	78	28	549	0	0	0
0.412	1	4	42	3	78	28	549	0	0	1
1.913	2	1	192	4	1	28	2196	0	0	0
1.914	2	1	192	5	1	28	2196	0	0	0
1.915	2	1	192	6	1	28	2196	0	0	0
0.413	1	9	42	4	39	28	549	0	0	0
0.413	1	9	42	4	39	28	549	0	0	1
1.916	2	1	192	7	1	28	2196	0	0	0
1.917	2	1	192	8	1	28	2196	0	0	0
0.414	1	12	42	5	82	28	549	0	0	0
0.414	1	12	42	5	82	28	549	0	0	1
1.918	2	1	192	9	1	28	2196	0	0	0
1.919	2	1	192	10	1	28	2196	0	0	0
1.92	2	1	193	1	1	28	2196	0	0	0
1.921	2	1	193	2	1	28	2196	0	0	0
0.415	1	2	42	6	50	28	549	0	0	0
0.415	1	2	42	6	50	28	549	0	0	1
1.922	2	1	193	3	1	28	2196	0	0	0
1.923	2	1	193	4	1	28	2196	0	0	0
0.416	1	14	42	7	1	28	549	0	0	0
0.416	1	14	42	7	1	28	549	0	0	1
1.924	2	1	193	5	1	28	2196	0	0	0
1.925	2	1	193	6	1	28	2196	0	0	0
1.926	2	1	193	7	1	28	2196	0	0	0
0.417	1	1	42	8	87	28	549	0	0	0
0.417	1	1	42	8	87	28	549	0	0	1
1.927	2	1	193	8	1	28	2196	0	0	0
1.928	2	1	193	9	1	28	2196	0	0	0
0.418	1	11	42	9	58	28	549	0	0	0
0.418	1	11	42	9	58	28	549	0	0	1
1.929	2	1	193	10	1	28	2196	0	0	0
1.93	2	1	194	1	1	28	2196	0	0	0
1.931	2	1	194	2	1	28	2196	0	0	0
0.419	1	15	42	10	12	28	549	0	0	0
1.932	2	1	194	3	1	28	2196	0	0	0
0.419	1	15	42	10	12	28	549	0	0	1
1.933	2	1	194	4	1	28	2196	0	0	0
0.42	1	6	43	1	91	28	549	0	0	0
0.42	1	6	43	1	91	28	549	0	0	1
1.934	2	1	194	5	1	28	2196	0	0	0
1.935	2	1	194	6	1	28	2196	0	0	0
1.936	2	1	194	7	1	28	2196	0	0	0
0.421	1	10	43	2	63	28	549	0	0	0
1.937	2	1	194	8	1	28	2196	0	0	0
0.421	1	10	43	2	63	28	549	0	0	1
1.938	2	1	194	9	1	28	2196	0	0	0
0.422	1	5	43	3	20	28	549	0	0	0
1.939	2	1	194	10	1	28	2196	0	0	0
0.422	1	5	43	3	20	28	549	0	0	1
1.94	2	1	195	1	1	28	2196	0	0	0
1.941	2	1	195	2	1	28	2196	0	0	0
1.942	2	1	195	3	1	28	2196	0	0	0
0.423	1	13	43	4	94	28	549	0	0	0
0.423	1	13	43	4	94	28	549	0	0	1
1.943	2	1	195	4	1	28	2196	0	0	0
1.944	2	1	195	5	1	28	2196	0	0	0
0.424	1	3	43	5	96	28	549	0	0	0
0.424	1	3	43	5	96	28	549	0	0	1
1.945	2	1	195	6	1	28	2196	0	0	0
1.946	2	1	195	7	1	28	2196	0	0	0
1.947	2	1	195	8	1	28	2196	0	0	0
1.948	2	1	195	9	1	28	2196	0	0	0
0.425	1	8	43	6	71	28	549	0	0	0
0.425	1	8	43	6	71	28	549	0	0	1
1.949	2	1	195	10	1	28	2196	0	0	0
1.95	2	1	196	1	1	28	2196	0	0	0
0.426	1	7	43	7	29	28	549	0	0	0
0.426	1	7	43	7	29	28	549	0	0	1
1.951	2	1	196	2	1	28	2196	0	0	0
1.952	2	1	196	3	1	28	2196	0	0	0
1.953	2	1	196	4	1	28	2196	0	0	0
0.427	1	4	43	8	78	28	549	0	0	0
1.954	2	1	196	5	1	28	2196	0	0	0
0.427	1	4	43	8	78	28	549	0	0	1
1.955	2	1	196	6	1	28	2196	0	0	0
0.428	1	9	43	9	39	28	549	0	0	0
0.428	1	9	43	9	39	28	549	0	0	1
1.956	2	1	196	7	1	28	2196	0	0	0
1.957	2	1	196	8	1	28	2196	0	0	0
1.958	2	1	196	9	1	28	2196	0	0	0
1.959	2	1	196	10	1	28	2196	0	0	0
0.429	1	12	43	10	82	28	549	0	0	0
0.429	1	12	43	10	82	28	549	0	0	1
1.96	2	1	197	1	1	28	2196	0	0	0
1.961	2	1	197	2	1	28	2196	0	0	0
0.43	1	2	44	1	50	28	549	0	0	0
0.43	1	2	44	1	50	28	549	0	0	1
1.962	2	1	197	3	1	28	2196	0	0	0
1.963	2	1	197	4	1	28	2196	0	0	0
1.964	2	1	197	5	1	28	2196	0	0	0
1.965	2	1	197	6	1	28	2196	0	0	0
0.431	1	14	44	2	1	28	549	0	0	0
0.431	1	14	44	2	1	28	549	0	0	1
1.966	2	1	197	7	1	28	2196	0	0	0
1.967	2	1	197	8	1	28	2196	0	0	0
0.432	1	1	44	3	87	28	549	0	0	0
0.432	1	1	44	3	87	28	549	0	0	1
1.968	2	1	197	9	1	28	2196	0	0	0
1.969	2	1	197	10	1	28	2196	0	0	0
1.97	2	1	198	1	1	28	2196	0	0	0
0.433	1	11	44	4	58	28	549	0	0	0
0.433	1	11	44	4	58	28	549	0	0	1
1.971	2	1	198	2	1	28	2196	0	0	0
1.972	2	1	198	3	1	28	2196	0	0	0
0.434	1	15	44	5	12	28	549	0	0	0
0.434	1	15	44	5	12	28	549	0	0	1
1.973	2	1	198	4	1	28	2196	0	0	0
1.974	2	1	198	5	1	28	2196	0	0	0
1.975	2	1	198	6	1	28	2196	0	0	0
0.435	1	6	44	6	91	28	549	0	0	0
1.976	2	1	198	7	1	28	2196	0	0	0
0.435	1	6	44	6	91	28	549	0	0	1
1.977	2	1	198	8	1	28	2196	0	0	0
0.436	1	10	44	7	63	28	549	0	0	0
0.436	1	10	44	7	63	28	549	0	0	1
1.978	2	1	198	9	1	28	2196	0	0	0
1.979	2	1	198	10	1	28	2196	0	0	0
1.98	2	1	199	1	1	28	2196	0	0	0
1.981	2	1	199	2	1	28	2196	0	0	0
0.437	1	5	44	8	20	28	549	0	0	0
0.437	1	5	44	8	20	28	549	0	0	1
1.982	2	1	199	3	1	28	2196	0	0	0
1.983	2	1	199	4	1	28	2196	0	0	0
0.438	1	13	44	9	94	28	549	0	0	0
0.438	1	13	44	9	94	28	549	0	0	1
1.984	2	1	199	5	1	28	2196	0	0	0
1.985	2	1	199	6	1	28	2196	0	0	0
1.986	2	1	199	7	1	28	2196	0	0	0
1.987	2	1	199	8	1	28	2196	0	0	0
0.439	1	3	44	10	96	28	549	0	0	0
0.439	1	3	44	10	96	28	549	0	0	1
1.988	2	1	199	9	1	28	2196	0	0	0
1.989	2	1	199	10	1	28	2196	0	0	0
0.44	1	8	45	1	71	28	549	0	0	0
0.44	1	8	45	1	71	28	549	0	0	1
1.99	2	1	200	1	1	28	2196	0	0	0
1.991	2	1	200	2	1	28	2196	0	0	0
1.992	2	1	200	3	1	28	2196	0	0	0
0.441	1	7	45	2	29	28	549	0	0	0
0.441	1	7	45	2	29	28	549	0	0	1
1.993	2	1	200	4	1	28	2196	0	0	0
1.994	2	1	200	5	1	28	2196	0	0	0
0.442	1	4	45	3	78	28	549	0	0	0
0.442	1	4	45	3	78	28	549	0	0	1
1.995	2	1	200	6	1	28	2196	0	0	0
1.996	2	1	200	7	1	28	2196	0	0	0
1.997	2	1	200	8	1	28	2196	0	0	0
0.443	1	9	45	4	39	28	549	0	0	0
0.443	1	9	45	4	39	28	549	0	0	1
1.998	2	1	200	9	1	28	2196	0	0	0
1.999	2	1	200	10	1	28	2196	0	0	0
0.444	1	12	45	5	82	28	549	0	0	0
0.444	1	12	45	5	82	28	549	0	0	1
0.445	1	2	45	6	50	28	549	0	0	0
0.445	1	2	45	6	50	28	549	0	0	1
0.446	1	14	45	7	1	28	549	0	0	0
0.446	1	14	45	7	1	28	549	0	0	1
0.447	1	1	45	8	87	28	549	0	0	0
0.447	1	1	45	8	87	28	549	0	0	1
0.448	1	11	45	9	58	28	549	0	0	0
0.448	1	11	45	9	58	28	549	0	0	1
0.449	1	15	45	10	12	28	549	0	0	0
0.449	1	15	45	10	12	28	549	0	0	1
0.45	1	6	46	1	91	28	549	0	0	0
0.45	1	6	46	1	91	28	549	0	0	1
0.451	1	10	46	2	63	28	549	0	0	0
0.451	1	10	46	2	63	28	549	0	0	1
0.452	1	5	46	3	20	28	549	0	0	0
0.452	1	5	46	3	20	28	549	0	0	1
0.453	1	13	46	4	94	28	549	0	0	0
0.453	1	13	46	4	94	28	549	0	0	1
0.454	1	3	46	5	96	28	549	0	0	0
0.454	1	3	46	5	96	28	549	0	0	1
0.455	1	8	46	6	71	28	549	0	0	0
0.455	1	8	46	6	71	28	549	0	0	1
0.456	1	7	46	7	29	28	549	0	0	0
0.456	1	7	46	7	29	28	549	0	0	1
0.457	1	4	46	8	78	28	549	0	0	0
0.457	1	4	46	8	78	28	549	0	0	1
0.458	1	9	46	9	39	28	549	0	0	0
0.458	1	9	46	9	39	28	549	0	0	1
0.459	1	12	46	10	82	28	549	0	0	0
0.459	1	12	46	10	82	28	549	0	0	1
0.46	1	2	47	1	50	28	549	0	0	0
0.46	1	2	47	1	50	28	549	0	0	1
0.461	1	14	47	2	1	28	549	0	0	0
0.461	1	14	47	2	1	28	549	0	0	1
0.462	1	1	47	3	87	28	549	0	0	0
0.462	1	1	47	3	87	28	549	0	0	1
0.463	1	11	47	4	58	28	549	0	0	0
0.463	1	11	47	4	58	28	549	0	0	1
0.464	1	15	47	5	12	28	549	0	0	0
0.464	1	15	47	5	12	28	549	0	0	1
0.465	1	6	47	6	91	28	549	0	0	0
0.465	1	6	47	6	91	28	549	0	0	1
0.466	1	10	47	7	63	28	549	0	0	0
0.466	1	10	47	7	63	28	549	0	0	1
0.467	1	5	47	8	20	28	549	0	0	0
0.467	1	5	47	8	20	28	549	0	0	1
0.468	1	13	47	9	94	28	549	0	0	0
0.468	1	13	47	9	94	28	549	0	0	1
0.469	1	3	47	10	96	28	549	0	0	0
0.469	1	3	47	10	96	28	549	0	0	1
0.47	1	8	48	1	71	28	549	0	0	0
0.47	1	8	48	1	71	28	549	0	0	1
0.471	1	7	48	2	29	28	549	0	0	0
0.471	1	7	48	2	29	28	549	0	0	1
0.472	1	4	48	3	78	28	549	0	0	0
0.472	1	4	48	3	78	28	549	0	0	1
0.473	1	9	48	4	39	28	549	0	0	0
0.473	1	9	48	4	39	28	549	0	0	1
0.474	1	12	48	5	82	28	549	0	0	0
0.474	1	12	48	5	82	28	549	0	0	1
0.475	1	2	48	6	50	28	549	0	0	0
0.475	1	2	48	6	50	28	549	0	0	1
0.476	1	14	48	7	1	28	549	0	0	0
0.476	1	14	48	7	1	28	549	0	0	1
0.477	1	1	48	8	87	28	549	0	0	0
0.477	1	1	48	8	87	28	549	0	0	1
0.478	1	11	48	9	58	28	549	0	0	0
0.478	1	11	48	9	58	28	549	0	0	1
0.479	1	15	48	10	12	28	549	0	0	0
0.479	1	15	48	10	12	28	549	0	0	1
0.48	1	6	49	1	91	28	549	0	0	0
0.48	1	6	49	1	91	28	549	0	0	1
0.481	1	10	49	2	63	28	549	0	0	0
0.481	1	10	49	2	63	28	549	0	0	1
0.482	1	5	49	3	20	28	549	0	0	0
0.482	1	5	49	3	20	28	549	0	0	1
0.483	1	13	49	4	94	28	549	0	0	0
0.483	1	13	49	4	94	28	549	0	0	1
0.484	1	3	49	5	96	28	549	0	0	0
0.484	1	3	49	5	96	28	549	0	0	1
0.485	1	8	49	6	71	28	549	0	0	0
0.485	1	8	49	6	71	28	549	0	0	1
0.486	1	7	49	7	29	28	549	0	0	0
0.486	1	7	49	7	29	28	549	0	0	1
0.487	1	4	49	8	78	28	549	0	0	0
0.487	1	4	49	8	78	28	549	0	0	1
0.488	1	9	49	9	39	28	549	0	0	0
0.488	1	9	49	9	39	28	549	0	0	1
0.489	1	12	49	10	82	28	549	0	0	0
0.489	1	12	49	10	82	28	549	0	0	1
0.49	1	2	50	1	50	28	549	0	0	0
0.49	1	2	50	1	50	28	549	0	0	1
0.491	1	14	50	2	1	28	549	0	0	0
0.491	1	14	50	2	1	28	549	0	0	1
0.492	1	1	50	3	87	28	549	0	0	0
0.492	1	1	50	3	87	28	549	0	0	1
0.493	1	11	50	4	58	28	549	0	0	0
0.493	1	11	50	4	58	28	549	0	0	1
0.494	1	15	50	5	12	28	549	0	0	0
0.494	1	15	50	5	12	28	549	0	0	1
0.495	1	6	50	6	91	28	549	0	0	0
0.495	1	6	50	6	91	28	549	0	0	1
0.496	1	10	50	7	63	28	549	0	0	0
0.496	1	10	50	7	63	28	549	0	0	1
0.497	1	5	50	8	20	28	549	0	0	0
0.497	1	5	50	8	20	28	549	0	0	1
0.498	1	13	50	9	94	28	549	0	0	0
0.498	1	13	50	9	94	28	549	0	0	1
0.499	1	3	50	10	96	28	549	0	0	0
0.499	1	3	50	10	96	28	549	0	0	1
0.5	1	8	51	1	71	28	549	0	0	0
0.5	1	8	51	1	71	28	549	0	0	1
0.501	1	7	51	2	29	28	549	0	0	0
0.501	1	7	51	2	29	28	549	0	0	1
0.502	1	4	51	3	78	28	549	0	0	0
0.502	1	4	51	3	78	28	549	0	0	1
0.503	1	9	51	4	39	28	549	0	0	0
0.503	1	9	51	4	39	28	549	0	0	1
0.504	1	12	51	5	82	28	549	0	0	0
0.504	1	12	51	5	82	28	549	0	0	1
0.505	1	2	51	6	50	28	549	0	0	0
0.505	1	2	51	6	50	28	549	0	0	1
0.506	1	14	51	7	1	28	549	0	0	0
0.506	1	14	51	7	1	28	549	0	0	1
0.507	1	1	51	8	87	28	549	0	0	0
0.507	1	1	51	8	87	28	549	0	0	1
0.508	1	11	51	9	58	28	549	0	0	0
0.508	1	11	51	9	58	28	549	0	0	1
0.509	1	15	51	10	12	28	549	0	0	0
0.509	1	15	51	10	12	28	549	0	0	1
0.51	1	6	52	1	91	28	549	0	0	0
0.51	1	6	52	1	91	28	549	0	0	1
0.511	1	10	52	2	63	28	549	0	0	0
0.511	1	10	52	2	63	28	549	0	0	1
0.512	1	5	52	3	20	28	549	0	0	0
0.512	1	5	52	3	20	28	549	0	0	1
0.513	1	13	52	4	94	28	549	0	0	0
0.513	1	13	52	4	94	28	549	0	0	1
0.514	1	3	52	5	96	28	549	0	0	0
0.514	1	3	52	5	96	28	549	0	0	1
0.515	1	8	52	6	71	28	549	0	0	0
0.515	1	8	52	6	71	28	549	0	0	1
0.516	1	7	52	7	29	28	549	0	0	0
0.516	1	7	52	7	29	28	549	0	0	1
0.517	1	4	52	8	78	28	549	0	0	0
0.517	1	4	52	8	78	28	549	0	0	1
0.518	1	9	52	9	39	28	549	0	0	0
0.518	1	9	52	9	39	28	549	0	0	1
0.519	1	12	52	10	82	28	549	0	0	0
0.519	1	12	52	10	82	28	549	0	0	1
0.52	1	2	53	1	50	28	549	0	0	0
0.52	1	2	53	1	50	28	549	0	0	1
0.521	1	14	53	2	1	28	549	0	0	0
0.521	1	14	53	2	1	28	549	0	0	1
0.522	1	1	53	3	87	28	549	0	0	0
0.522	1	1	53	3	87	28	549	0	0	1
0.523	1	11	53	4	58	28	549	0	0	0
0.523	1	11	53	4	58	28	549	0	0	1
0.524	1	15	53	5	12	28	549	0	0	0
0.524	1	15	53	5	12	28	549	0	0	1
0.525	1	6	53	6	91	28	549	0	0	0
0.525	1	6	53	6	91	28	549	0	0	1
0.526	1	10	53	7	63	28	549	0	0	0
0.526	1	10	53	7	63	28	549	0	0	1
0.527	1	5	53	8	20	28	549	0	0	0
0.527	1	5	53	8	20	28	549	0	0	1
0.528	1	13	53	9	94	28	549	0	0	0
0.528	1	13	53	9	94	28	549	0	0	1
0.529	1	3	53	10	96	28	549	0	0	0
0.529	1	3	53	10	96	28	549	0	0	1
0.53	1	8	54	1	71	28	549	0	0	0
0.53	1	8	54	1	71	28	549	0	0	1
0.531	1	7	54	2	29	28	549	0	0	0
0.531	1	7	54	2	29	28	549	0	0	1
0.532	1	4	54	3	78	28	549	0	0	0
0.532	1	4	54	3	78	28	549	0	0	1
0.533	1	9	54	4	39	28	549	0	0	0
0.533	1	9	54	4	39	28	549	0	0	1
0.534	1	12	54	5	82	28	549	0	0	0
0.534	1	12	54	5	82	28	549	0	0	1
0.535	1	2	54	6	50	28	549	0	0	0
0.535	1	2	54	6	50	28	549	0	0	1
0.536	1	14	54	7	1	28	549	0	0	0
0.536	1	14	54	7	1	28	549	0	0	1
0.537	1	1	54	8	87	28	549	0	0	0
0.537	1	1	54	8	87	28	549	0	0	1
0.538	1	11	54	9	58	28	549	0	0	0
0.538	1	11	54	9	58	28	549	0	0	1
0.539	1	15	54	10	12	28	549	0	0	0
0.539	1	15	54	10	12	28	549	0	0	1
0.54	1	6	55	1	91	28	549	0	0	0
0.54	1	6	55	1	91	28	549	0	0	1
0.541	1	10	55	2	63	28	549	0	0	0
0.541	1	10	55	2	63	28	549	0	0	1
0.542	1	5	55	3	20	28	549	0	0	0
0.542	1	5	55	3	20	28	549	0	0	1
0.543	1	13	55	4	94	28	549	0	0	0
0.543	1	13	55	4	94	28	549	0	0	1
0.544	1	3	55	5	96	28	549	0	0	0
0.544	1	3	55	5	96	28	549	0	0	1
0.545	1	8	55	6	71	28	549	0	0	0
0.545	1	8	55	6	71	28	549	0	0	1
0.546	1	7	55	7	29	28	549	0	0	0
0.546	1	7	55	7	29	28	549	0	0	1
0.547	1	4	55	8	78	28	549	0	0	0
0.547	1	4	55	8	78	28	549	0	0	1
0.548	1	9	55	9	39	28	549	0	0	0
0.548	1	9	55	9	39	28	549	0	0	1
0.549	1	12	55	10	82	28	549	0	0	0
0.549	1	12	55	10	82	28	549	0	0	1
0.55	1	2	56	1	50	28	549	0	0	0
0.55	1	2	56	1	50	28	549	0	0	1
0.551	1	14	56	2	1	28	549	0	0	0
0.551	1	14	56	2	1	28	549	0	0	1
0.552	1	1	56	3	87	28	549	0	0	0
0.552	1	1	56	3	87	28	549	0	0	1
0.553	1	11	56	4	58	28	549	0	0	0
0.553	1	11	56	4	58	28	549	0	0	1
0.554	1	15	56	5	12	28	549	0	0	0
0.554	1	15	56	5	12	28	549	0	0	1
0.555	1	6	56	6	91	28	549	0	0	0
0.555	1	6	56	6	91	28	549	0	0	1
0.556	1	10	56	7	63	28	549	0	0	0
0.556	1	10	56	7	63	28	549	0	0	1
0.557	1	5	56	8	20	28	549	0	0	0
0.557	1	5	56	8	20	28	549	0	0	1
0.558	1	13	56	9	94	28	549	0	0	0
0.558	1	13	56	9	94	28	549	0	0	1
0.559	1	3	56	10	96	28	549	0	0	0
0.559	1	3	56	10	96	28	549	0	0	1
0.56	1	8	57	1	71	28	549	0	0	0
0.56	1	8	57	1	71	28	549	0	0	1
0.561	1	7	57	2	29	28	549	0	0	0
0.561	1	7	57	2	29	28	549	0	0	1
0.562	1	4	57	3	78	28	549	0	0	0
0.562	1	4	57	3	78	28	549	0	0	1
0.563	1	9	57	4	39	28	549	0	0	0
0.563	1	9	57	4	39	28	549	0	0	1
0.564	1	12	57	5	82	28	549	0	0	0
0.564	1	12	57	5	82	28	549	0	0	1
0.565	1	2	57	6	50	28	549	0	0	0
0.565	1	2	57	6	50	28	549	0	0	1
0.566	1	14	57	7	1	28	549	0	0	0
0.566	1	14	57	7	1	28	549	0	0	1
0.567	1	1	57	8	87	28	549	0	0	0
0.567	1	1	57	8	87	28	549	0	0	1
0.568	1	11	57	9	58	28	549	0	0	0
0.568	1	11	57	9	58	28	549	0	0	1
0.569	1	15	57	10	12	28	549	0	0	0
0.569	1	15	57	10	12	28	549	0	0	1
0.57	1	6	58	1	91	28	549	0	0	0
0.57	1	6	58	1	91	28	549	0	0	1
0.571	1	10	58	2	63	28	549	0	0	0
0.571	1	10	58	2	63	28	549	0	0	1
0.572	1	5	58	3	20	28	549	0	0	0
0.572	1	5	58	3	20	28	549	0	0	1
0.573	1	13	58	4	94	28	549	0	0	0
0.573	1	13	58	4	94	28	549	0	0	1
0.574	1	3	58	5	96	28	549	0	0	0
0.574	1	3	58	5	96	28	549	0	0	1
0.575	1	8	58	6	71	28	549	0	0	0
0.575	1	8	58	6	71	28	549	0	0	1
0.576	1	7	58	7	29	28	549	0	0	0
0.576	1	7	58	7	29	28	549	0	0	1
0.577	1	4	58	8	78	28	549	0	0	0
0.577	1	4	58	8	78	28	549	0	0	1
0.578	1	9	58	9	39	28	549	0	0	0
0.578	1	9	58	9	39	28	549	0	0	1
0.579	1	12	58	10	82	28	549	0	0	0
0.579	1	12	58	10	82	28	549	0	0	1
0.58	1	2	59	1	50	28	549	0	0	0
0.58	1	2	59	1	50	28	549	0	0	1
0.581	1	14	59	2	1	28	549	0	0	0
0.581	1	14	59	2	1	28	549	0	0	1
0.582	1	1	59	3	87	28	549	0	0	0
0.582	1	1	59	3	87	28	549	0	0	1
0.583	1	11	59	4	58	28	549	0	0	0
0.583	1	11	59	4	58	28	549	0	0	1
0.584	1	15	59	5	12	28	549	0	0	0
0.584	1	15	59	5	12	28	549	0	0	1
0.585	1	6	59	6	91	28	549	0	0	0
0.585	1	6	59	6	91	28	549	0	0	1
0.586	1	10	59	7	63	28	549	0	0	0
0.586	1	10	59	7	63	28	549	0	0	1
0.587	1	5	59	8	20	28	549	0	0	0
0.587	1	5	59	8	20	28	549	0	0	1
0.588	1	13	59	9	94	28	549	0	0	0
0.588	1	13	59	9	94	28	549	0	0	1
0.589	1	3	59	10	96	28	549	0	0	0
0.589	1	3	59	10	96	28	549	0	0	1
0.59	1	8	60	1	71	28	549	0	0	0
0.59	1	8	60	1	71	28	549	0	0	1
0.591	1	7	60	2	29	28	549	0	0	0
0.591	1	7	60	2	29	28	549	0	0	1
0.592	1	4	60	3	78	28	549	0	0	0
0.592	1	4	60	3	78	28	549	0	0	1
0.593	1	9	60	4	39	28	549	0	0	0
0.593	1	9	60	4	39	28	549	0	0	1
0.594	1	12	60	5	82	28	549	0	0	0
0.594	1	12	60	5	82	28	549	0	0	1
0.595	1	2	60	6	50	28	549	0	0	0
0.595	1	2	60	6	50	28	549	0	0	1
0.596	1	14	60	7	1	28	549	0	0	0
0.596	1	14	60	7	1	28	549	0	0	1
0.597	1	1	60	8	87	28	549	0	0	0
0.597	1	1	60	8	87	28	549	0	0	1
0.598	1	11	60	9	58	28	549	0	0	0
0.598	1	11	60	9	58	28	549	0	0	1
0.599	1	15	60	10	12	28	549	0	0	0
0.599	1	15	60	10	12	28	549	0	0	1
0.6	1	6	61	1	91	28	549	0	0	0
0.6	1	6	61	1	91	28	549	0	0	1
0.601	1	10	61	2	63	28	549	0	0	0
0.601	1	10	61	2	63	28	549	0	0	1
0.602	1	5	61	3	20	28	549	0	0	0
0.602	1	5	61	3	20	28	549	0	0	1
0.603	1	13	61	4	94	28	549	0	0	0
0.603	1	13	61	4	94	28	549	0	0	1
0.604	1	3	61	5	96	28	549	0	0	0
0.604	1	3	61	5	96	28	549	0	0	1
0.605	1	8	61	6	71	28	549	0	0	0
0.605	1	8	61	6	71	28	549	0	0	1
0.606	1	7	61	7	29	28	549	0	0	0
0.606	1	7	61	7	29	28	549	0	0	1
0.607	1	4	61	8	78	28	549	0	0	0
0.607	1	4	61	8	78	28	549	0	0	1
0.608	1	9	61	9	39	28	549	0	0	0
0.608	1	9	61	9	39	28	549	0	0	1
0.609	1	12	61	10	82	28	549	0	0	0
0.609	1	12	61	10	82	28	549	0	0	1
0.61	1	2	62	1	50	28	549	0	0	0
0.61	1	2	62	1	50	28	549	0	0	1
0.611	1	14	62	2	1	28	549	0	0	0
0.611	1	14	62	2	1	28	549	0	0	1
0.612	1	1	62	3	87	28	549	0	0	0
0.612	1	1	62	3	87	28	549	0	0	1
0.613	1	11	62	4	58	28	549	0	0	0
0.613	1	11	62	4	58	28	549	0	0	1
0.614	1	15	62	5	12	28	549	0	0	0
0.614	1	15	62	5	12	28	549	0	0	1
0.615	1	6	62	6	91	28	549	0	0	0
0.615	1	6	62	6	91	28	549	0	0	1
0.616	1	10	62	7	63	28	549	0	0	0
0.616	1	10	62	7	63	28	549	0	0	1
0.617	1	5	62	8	20	28	549	0	0	0
0.617	1	5	62	8	20	28	549	0	0	1
0.618	1	13	62	9	94	28	549	0	0	0
0.618	1	13	62	9	94	28	549	0	0	1
0.619	1	3	62	10	96	28	549	0	0	0
0.619	1	3	62	10	96	28	549	0	0	1
0.62	1	8	63	1	71	28	549	0	0	0
0.62	1	8	63	1	71	28	549	0	0	1
0.621	1	7	63	2	29	28	549	0	0	0
0.621	1	7	63	2	29	28	549	0	0	1
0.622	1	4	63	3	78	28	549	0	0	0
0.622	1	4	63	3	78	28	549	0	0	1
0.623	1	9	63	4	39	28	549	0	0	0
0.623	1	9	63	4	39	28	549	0	0	1
0.624	1	12	63	5	82	28	549	0	0	0
0.624	1	12	63	5	82	28	549	0	0	1
0.625	1	2	63	6	50	28	549	0	0	0
0.625	1	2	63	6	50	28	549	0	0	1
0.626	1	14	63	7	1	28	549	0	0	0
0.626	1	14	63	7	1	28	549	0	0	1
0.627	1	1	63	8	87	28	549	0	0	0
0.627	1	1	63	8	87	28	549	0	0	1
0.628	1	11	63	9	58	28	549	0	0	0
0.628	1	11	63	9	58	28	549	0	0	1
0.629	1	15	63	10	12	28	549	0	0	0
0.629	1	15	63	10	12	28	549	0	0	1
0.63	1	6	64	1	91	28	549	0	0	0
0.63	1	6	64	1	91	28	549	0	0	1
0.631	1	10	64	2	63	28	549	0	0	0
0.631	1	10	64	2	63	28	549	0	0	1
0.632	1	5	64	3	20	28	549	0	0	0
0.632	1	5	64	3	20	28	549	0	0	1
0.633	1	13	64	4	94	28	549	0	0	0
0.633	1	13	64	4	94	28	549	0	0	1
0.634	1	3	64	5	96	28	549	0	0	0
0.634	1	3	64	5	96	28	549	0	0	1
0.635	1	8	64	6	71	28	549	0	0	0
0.635	1	8	64	6	71	28	549	0	0	1
0.636	1	7	64	7	29	28	549	0	0	0
0.636	1	7	64	7	29	28	549	0	0	1
0.637	1	4	64	8	78	28	549	0	0	0
0.637	1	4	64	8	78	28	549	0	0	1
0.638	1	9	64	9	39	28	549	0	0	0
0.638	1	9	64	9	39	28	549	0	0	1
0.639	1	12	64	10	82	28	549	0	0	0
0.639	1	12	64	10	82	28	549	0	0	1
0.64	1	2	65	1	50	28	549	0	0	0
0.64	1	2	65	1	50	28	549	0	0	1
0.641	1	14	65	2	1	28	549	0	0	0
0.641	1	14	65	2	1	28	549	0	0	1
0.642	1	1	65	3	87	28	549	0	0	0
0.642	1	1	65	3	87	28	549	0	0	1
0.643	1	11	65	4	58	28	549	0	0	0
0.643	1	11	65	4	58	28	549	0	0	1
0.644	1	15	65	5	12	28	549	0	0	0
0.644	1	15	65	5	12	28	549	0	0	1
0.645	1	6	65	6	91	28	549	0	0	0
0.645	1	6	65	6	91	28	549	0	0	1
0.646	1	10	65	7	63	28	549	0	0	0
0.646	1	10	65	7	63	28	549	0	0	1
0.647	1	5	65	8	20	28	549	0	0	0
0.647	1	5	65	8	20	28	549	0	0	1
0.648	1	13	65	9	94	28	549	0	0	0
0.648	1	13	65	9	94	28	549	0	0	1
0.649	1	3	65	10	96	28	549	0	0	0
0.649	1	3	65	10	96	28	549	0	0	1
0.65	1	8	66	1	71	28	549	0	0	0
0.65	1	8	66	1	71	28	549	0	0	1
0.651	1	7	66	2	29	28	549	0	0	0
0.651	1	7	66	2	29	28	549	0	0	1
0.652	1	4	66	3	78	28	549	0	0	0
0.652	1	4	66	3	78	28	549	0	0	1
0.653	1	9	66	4	39	28	549	0	0	0
0.653	1	9	66	4	39	28	549	0	0	1
0.654	1	12	66	5	82	28	549	0	0	0
0.654	1	12	66	5	82	28	549	0	0	1
0.655	1	2	66	6	50	28	549	0	0	0
0.655	1	2	66	6	50	28	549	0	0	1
0.656	1	14	66	7	1	28	549	0	0	0
0.656	1	14	66	7	1	28	549	0	0	1
0.657	1	1	66	8	87	28	549	0	0	0
0.657	1	1	66	8	87	28	549	0	0	1
0.658	1	11	66	9	58	28	549	0	0	0
0.658	1	11	66	9	58	28	549	0	0	1
0.659	1	15	66	10	12	28	549	0	0	0
0.659	1	15	66	10	12	28	549	0	0	1
0.66	1	6	67	1	91	28	549	0	0	0
0.66	1	6	67	1	91	28	549	0	0	1
0.661	1	10	67	2	63	28	549	0	0	0
0.661	1	10	67	2	63	28	549	0	0	1
0.662	1	5	67	3	20	28	549	0	0	0
0.662	1	5	67	3	20	28	549	0	0	1
0.663	1	13	67	4	94	28	549	0	0	0
0.663	1	13	67	4	94	28	549	0	0	1
0.664	1	3	67	5	96	28	549	0	0	0
0.664	1	3	67	5	96	28	549	0	0	1
0.665	1	8	67	6	71	28	549	0	0	0
0.665	1	8	67	6	71	28	549	0	0	1
0.666	1	7	67	7	29	28	549	0	0	0
0.666	1	7	67	7	29	28	549	0	0	1
0.667	1	4	67	8	78	28	549	0	0	0
0.667	1	4	67	8	78	28	549	0	0	1
0.668	1	9	67	9	39	28	549	0	0	0
0.668	1	9	67	9	39	28	549	0	0	1
0.669	1	12	67	10	82	28	549	0	0	0
0.669	1	12	67	10	82	28	549	0	0	1
0.67	1	2	68	1	50	28	549	0	0	0
0.67	1	2	68	1	50	28	549	0	0	1
0.671	1	14	68	2	1	28	549	0	0	0
0.671	1	14	68	2	1	28	549	0	0	1
0.672	1	1	68	3	87	28	549	0	0	0
0.672	1	1	68	3	87	28	549	0	0	1
0.673	1	11	68	4	58	28	549	0	0	0
0.673	1	11	68	4	58	28	549	0	0	1
0.674	1	15	68	5	12	28	549	0	0	0
0.674	1	15	68	5	12	28	549	0	0	1
0.675	1	6	68	6	91	28	549	0	0	0
0.675	1	6	68	6	91	28	549	0	0	1
0.676	1	10	68	7	63	28	549	0	0	0
0.676	1	10	68	7	63	28	549	0	0	1
0.677	1	5	68	8	20	28	549	0	0	0
0.677	1	5	68	8	20	28	549	0	0	1
0.678	1	13	68	9	94	28	549	0	0	0
0.678	1	13	68	9	94	28	549	0	0	1
0.679	1	3	68	10	96	28	549	0	0	0
0.679	1	3	68	10	96	28	549	0	0	1
0.68	1	8	69	1	71	28	549	0	0	0
0.68	1	8	69	1	71	28	549	0	0	1
0.681	1	7	69	2	29	28	549	0	0	0
0.681	1	7	69	2	29	28	549	0	0	1
0.682	1	4	69	3	78	28	549	0	0	0
0.682	1	4	69	3	78	28	549	0	0	1
0.683	1	9	69	4	39	28	549	0	0	0
0.683	1	9	69	4	39	28	549	0	0	1
0.684	1	12	69	5	82	28	549	0	0	0
0.684	1	12	69	5	82	28	549	0	0	1
0.685	1	2	69	6	50	28	549	0	0	0
0.685	1	2	69	6	50	28	549	0	0	1
0.686	1	14	69	7	1	28	549	0	0	0
0.686	1	14	69	7	1	28	549	0	0	1
0.687	1	1	69	8	87	28	549	0	0	0
0.687	1	1	69	8	87	28	549	0	0	1
0.688	1	11	69	9	58	28	549	0	0	0
0.688	1	11	69	9	58	28	549	0	0	1
0.689	1	15	69	10	12	28	549	0	0	0
0.689	1	15	69	10	12	28	549	0	0	1
0.69	1	6	70	1	91	28	549	0	0	0
0.69	1	6	70	1	91	28	549	0	0	1
0.691	1	10	70	2	63	28	549	0	0	0
0.691	1	10	70	2	63	28	549	0	0	1
0.692	1	5	70	3	20	28	549	0	0	0
0.692	1	5	70	3	20	28	549	0	0	1
0.693	1	13	70	4	94	28	549	0	0	0
0.693	1	13	70	4	94	28	549	0	0	1
0.694	1	3	70	5	96	28	549	0	0	0
0.694	1	3	70	5	96	28	549	0	0	1
0.695	1	8	70	6	71	28	549	0	0	0
0.695	1	8	70	6	71	28	549	0	0	1
0.696	1	7	70	7	29	28	549	0	0	0
0.696	1	7	70	7	29	28	549	0	0	1
0.697	1	4	70	8	78	28	549	0	0	0
0.697	1	4	70	8	78	28	549	0	0	1
0.698	1	9	70	9	39	28	549	0	0	0
0.698	1	9	70	9	39	28	549	0	0	1
0.699	1	12	70	10	82	28	549	0	0	0
0.699	1	12	70	10	82	28	549	0	0	1
0.7	1	2	71	1	50	28	549	0	0	0
0.7	1	2	71	1	50	28	549	0	0	1
0.701	1	14	71	2	1	28	549	0	0	0
0.701	1	14	71	2	1	28	549	0	0	1
0.702	1	1	71	3	87	28	549	0	0	0
0.702	1	1	71	3	87	28	549	0	0	1
0.703	1	11	71	4	58	28	549	0	0	0
0.703	1	11	71	4	58	28	549	0	0	1
0.704	1	15	71	5	12	28	549	0	0	0
0.704	1	15	71	5	12	28	549	0	0	1
0.705	1	6	71	6	91	28	549	0	0	0
0.705	1	6	71	6	91	28	549	0	0	1
0.706	1	10	71	7	63	28	549	0	0	0
0.706	1	10	71	7	63	28	549	0	0	1
0.707	1	5	71	8	20	28	549	0	0	0
0.707	1	5	71	8	20	28	549	0	0	1
0.708	1	13	71	9	94	28	549	0	0	0
0.708	1	13	71	9	94	28	549	0	0	1
0.709	1	3	71	10	96	28	549	0	0	0
0.709	1	3	71	10	96	28	549	0	0	1
0.71	1	8	72	1	71	28	549	0	0	0
0.71	1	8	72	1	71	28	549	0	0	1
0.711	1	7	72	2	29	28	549	0	0	0
0.711	1	7	72	2	29	28	549	0	0	1
0.712	1	4	72	3	78	28	549	0	0	0
0.712	1	4	72	3	78	28	549	0	0	1
0.713	1	9	72	4	39	28	549	0	0	0
0.713	1	9	72	4	39	28	549	0	0	1
0.714	1	12	72	5	82	28	549	0	0	0
0.714	1	12	72	5	82	28	549	0	0	1
0.715	1	2	72	6	50	28	549	0	0	0
0.715	1	2	72	6	50	28	549	0	0	1
0.716	1	14	72	7	1	28	549	0	0	0
0.716	1	14	72	7	1	28	549	0	0	1
0.717	1	1	72	8	87	28	549	0	0	0
0.717	1	1	72	8	87	28	549	0	0	1
0.718	1	11	72	9	58	28	549	0	0	0
0.718	1	11	72	9	58	28	549	0	0	1
0.719	1	15	72	10	12	28	549	0	0	0
0.719	1	15	72	10	12	28	549	0	0	1
0.72	1	6	73	1	91	28	549	0	0	0
0.72	1	6	73	1	91	28	549	0	0	1
0.721	1	10	73	2	63	28	549	0	0	0
0.721	1	10	73	2	63	28	549	0	0	1
0.722	1	5	73	3	20	28	549	0	0	0
0.722	1	5	73	3	20	28	549	0	0	1
0.723	1	13	73	4	94	28	549	0	0	0
0.723	1	13	73	4	94	28	549	0	0	1
0.724	1	3	73	5	96	28	549	0	0	0
0.724	1	3	73	5	96	28	549	0	0	1
0.725	1	8	73	6	71	28	549	0	0	0
0.725	1	8	73	6	71	28	549	0	0	1
0.726	1	7	73	7	29	28	549	0	0	0
0.726	1	7	73	7	29	28	549	0	0	1
0.727	1	4	73	8	78	28	549	0	0	0
0.727	1	4	73	8	78	28	549	0	0	1
0.728	1	9	73	9	39	28	549	0	0	0
0.728	1	9	73	9	39	28	549	0	0	1
0.729	1	12	73	10	82	28	549	0	0	0
0.729	1	12	73	10	82	28	549	0	0	1
0.73	1	2	74	1	50	28	549	0	0	0
0.73	1	2	74	1	50	28	549	0	0	1
0.731	1	14	74	2	1	28	549	0	0	0
0.731	1	14	74	2	1	28	549	0	0	1
0.732	1	1	74	3	87	28	549	0	0	0
0.732	1	1	74	3	87	28	549	0	0	1
0.733	1	11	74	4	58	28	549	0	0	0
0.733	1	11	74	4	58	28	549	0	0	1
0.734	1	15	74	5	12	28	549	0	0	0
0.734	1	15	74	5	12	28	549	0	0	1
0.735	1	6	74	6	91	28	549	0	0	0
0.735	1	6	74	6	91	28	549	0	0	1
0.736	1	10	74	7	63	28	549	0	0	0
0.736	1	10	74	7	63	28	549	0	0	1
0.737	1	5	74	8	20	28	549	0	0	0
0.737	1	5	74	8	20	28	549	0	0	1
0.738	1	13	74	9	94	28	549	0	0	0
0.738	1	13	74	9	94	28	549	0	0	1
0.739	1	3	74	10	96	28	549	0	0	0
0.739	1	3	74	10	96	28	549	0	0	1
0.74	1	8	75	1	71	28	549	0	0	0
0.74	1	8	75	1	71	28	549	0	0	1
0.741	1	7	75	2	29	28	549	0	0	0
0.741	1	7	75	2	29	28	549	0	0	1
0.742	1	4	75	3	78	28	549	0	0	0
0.742	1	4	75	3	78	28	549	0	0	1
0.743	1	9	75	4	39	28	549	0	0	0
0.743	1	9	75	4	39	28	549	0	0	1
0.744	1	12	75	5	82	28	549	0	0	0
0.744	1	12	75	5	82	28	549	0	0	1
0.745	1	2	75	6	50	28	549	0	0	0
0.745	1	2	75	6	50	28	549	0	0	1
0.746	1	14	75	7	1	28	549	0	0	0
0.746	1	14	75	7	1	28	549	0	0	1
0.747	1	1	75	8	87	28	549	0	0	0
0.747	1	1	75	8	87	28	549	0	0	1
0.748	1	11	75	9	58	28	549	0	0	0
0.748	1	11	75	9	58	28	549	0	0	1
0.749	1	15	75	10	12	28	549	0	0	0
0.749	1	15	75	10	12	28	549	0	0	1
0.75	1	6	76	1	91	28	549	0	0	0
0.75	1	6	76	1	91	28	549	0	0	1
0.751	1	10	76	2	63	28	549	0	0	0
0.751	1	10	76	2	63	28	549	0	0	1
0.752	1	5	76	3	20	28	549	0	0	0
0.752	1	5	76	3	20	28	549	0	0	1
0.753	1	13	76	4	94	28	549	0	0	0
0.753	1	13	76	4	94	28	549	0	0	1
0.754	1	3	76	5	96	28	549	0	0	0
0.754	1	3	76	5	96	28	549	0	0	1
0.755	1	8	76	6	71	28	549	0	0	0
0.755	1	8	76	6	71	28	549	0	0	1
0.756	1	7	76	7	29	28	549	0	0	0
0.756	1	7	76	7	29	28	549	0	0	1
0.757	1	4	76	8	78	28	549	0	0	0
0.757	1	4	76	8	78	28	549	0	0	1
0.758	1	9	76	9	39	28	549	0	0	0
0.758	1	9	76	9	39	28	549	0	0	1
0.759	1	12	76	10	82	28	549	0	0	0
0.759	1	12	76	10	82	28	549	0	0	1
0.76	1	2	77	1	50	28	549	0	0	0
0.76	1	2	77	1	50	28	549	0	0	1
0.761	1	14	77	2	1	28	549	0	0	0
0.761	1	14	77	2	1	28	549	0	0	1
0.762	1	1	77	3	87	28	549	0	0	0
0.762	1	1	77	3	87	28	549	0	0	1
0.763	1	11	77	4	58	28	549	0	0	0
0.763	1	11	77	4	58	28	549	0	0	1
0.764	1	15	77	5	12	28	549	0	0	0
0.764	1	15	77	5	12	28	549	0	0	1
0.765	1	6	77	6	91	28	549	0	0	0
0.765	1	6	77	6	91	28	549	0	0	1
0.766	1	10	77	7	63	28	549	0	0	0
0.766	1	10	77	7	63	28	549	0	0	1
0.767	1	5	77	8	20	28	549	0	0	0
0.767	1	5	77	8	20	28	549	0	0	1
0.768	1	13	77	9	94	28	549	0	0	0
0.768	1	13	77	9	94	28	549	0	0	1
0.769	1	3	77	10	96	28	549	0	0	0
0.769	1	3	77	10	96	28	549	0	0	1
0.77	1	8	78	1	71	28	549	0	0	0
0.77	1	8	78	1	71	28	549	0	0	1
0.771	1	7	78	2	29	28	549	0	0	0
0.771	1	7	78	2	29	28	549	0	0	1
0.772	1	4	78	3	78	28	549	0	0	0
0.772	1	4	78	3	78	28	549	0	0	1
0.773	1	9	78	4	39	28	549	0	0	0
0.773	1	9	78	4	39	28	549	0	0	1
0.774	1	12	78	5	82	28	549	0	0	0
0.774	1	12	78	5	82	28	549	0	0	1
0.775	1	2	78	6	50	28	549	0	0	0
0.775	1	2	78	6	50	28	549	0	0	1
0.776	1	14	78	7	1	28	549	0	0	0
0.776	1	14	78	7	1	28	549	0	0	1
0.777	1	1	78	8	87	28	549	0	0	0
0.777	1	1	78	8	87	28	549	0	0	1
0.778	1	11	78	9	58	28	549	0	0	0
0.778	1	11	78	9	58	28	549	0	0	1
0.779	1	15	78	10	12	28	549	0	0	0
0.779	1	15	78	10	12	28	549	0	0	1
0.78	1	6	79	1	91	28	549	0	0	0
0.78	1	6	79	1	91	28	549	0	0	1
0.781	1	10	79	2	63	28	549	0	0	0
0.781	1	10	79	2	63	28	549	0	0	1
0.782	1	5	79	3	20	28	549	0	0	0
0.782	1	5	79	3	20	28	549	0	0	1
0.783	1	13	79	4	94	28	549	0	0	0
0.783	1	13	79	4	94	28	549	0	0	1
0.784	1	3	79	5	96	28	549	0	0	0
0.784	1	3	79	5	96	28	549	0	0	1
0.785	1	8	79	6	71	28	549	0	0	0
0.785	1	8	79	6	71	28	549	0	0	1
0.786	1	7	79	7	29	28	549	0	0	0
0.786	1	7	79	7	29	28	549	0	0	1
0.787	1	4	79	8	78	28	549	0	0	0
0.787	1	4	79	8	78	28	549	0	0	1
0.788	1	9	79	9	39	28	549	0	0	0
0.788	1	9	79	9	39	28	549	0	0	1
0.789	1	12	79	10	82	28	549	0	0	0
0.789	1	12	79	10	82	28	549	0	0	1
0.79	1	2	80	1	50	28	549	0	0	0
0.79	1	2	80	1	50	28	549	0	0	1
0.791	1	14	80	2	1	28	549	0	0	0
0.791	1	14	80	2	1	28	549	0	0	1
0.792	1	1	80	3	87	28	549	0	0	0
0.792	1	1	80	3	87	28	549	0	0	1
0.793	1	11	80	4	58	28	549	0	0	0
0.793	1	11	80	4	58	28	549	0	0	1
0.794	1	15	80	5	12	28	549	0	0	0
0.794	1	15	80	5	12	28	549	0	0	1
0.795	1	6	80	6	91	28	549	0	0	0
0.795	1	6	80	6	91	28	549	0	0	1
0.796	1	10	80	7	63	28	549	0	0	0
0.796	1	10	80	7	63	28	549	0	0	1
0.797	1	5	80	8	20	28	549	0	0	0
0.797	1	5	80	8	20	28	549	0	0	1
0.798	1	13	80	9	94	28	549	0	0	0
0.798	1	13	80	9	94	28	549	0	0	1
0.799	1	3	80	10	96	28	549	0	0	0
0.799	1	3	80	10	96	28	549	0	0	1
0.8	1	8	81	1	71	28	549	0	0	0
0.8	1	8	81	1	71	28	549	0	0	1
0.801	1	7	81	2	29	28	549	0	0	0
0.801	1	7	81	2	29	28	549	0	0	1
0.802	1	4	81	3	78	28	549	0	0	0
0.802	1	4	81	3	78	28	549	0	0	1
0.803	1	9	81	4	39	28	549	0	0	0
0.803	1	9	81	4	39	28	549	0	0	1
0.804	1	12	81	5	82	28	549	0	0	0
0.804	1	12	81	5	82	28	549	0	0	1
0.805	1	2	81	6	50	28	549	0	0	0
0.805	1	2	81	6	50	28	549	0	0	1
0.806	1	14	81	7	1	28	549	0	0	0
0.806	1	14	81	7	1	28	549	0	0	1
0.807	1	1	81	8	87	28	549	0	0	0
0.807	1	1	81	8	87	28	549	0	0	1
0.808	1	11	81	9	58	28	549	0	0	0
0.808	1	11	81	9	58	28	549	0	0	1
0.809	1	15	81	10	12	28	549	0	0	0
0.809	1	15	81	10	12	28	549	0	0	1
0.81	1	6	82	1	91	28	549	0	0	0
0.81	1	6	82	1	91	28	549	0	0	1
0.811	1	10	82	2	63	28	549	0	0	0
0.811	1	10	82	2	63	28	549	0	0	1
0.812	1	5	82	3	20	28	549	0	0	0
0.812	1	5	82	3	20	28	549	0	0	1
0.813	1	13	82	4	94	28	549	0	0	0
0.813	1	13	82	4	94	28	549	0	0	1
0.814	1	3	82	5	96	28	549	0	0	0
0.814	1	3	82	5	96	28	549	0	0	1
0.815	1	8	82	6	71	28	549	0	0	0
0.815	1	8	82	6	71	28	549	0	0	1
0.816	1	7	82	7	29	28	549	0	0	0
0.816	1	7	82	7	29	28	549	0	0	1
0.817	1	4	82	8	78	28	549	0	0	0
0.817	1	4	82	8	78	28	549	0	0	1
0.818	1	9	82	9	39	28	549	0	0	0
0.818	1	9	82	9	39	28	549	0	0	1
0.819	1	12	82	10	82	28	549	0	0	0
0.819	1	12	82	10	82	28	549	0	0	1
0.82	1	2	83	1	50	28	549	0	0	0
0.82	1	2	83	1	50	28	549	0	0	1
0.821	1	14	83	2	1	28	549	0	0	0
0.821	1	14	83	2	1	28	549	0	0	1
0.822	1	1	83	3	87	28	549	0	0	0
0.822	1	1	83	3	87	28	549	0	0	1
0.823	1	11	83	4	58	28	549	0	0	0
0.823	1	11	83	4	58	28	549	0	0	1
0.824	1	15	83	5	12	28	549	0	0	0
0.824	1	15	83	5	12	28	549	0	0	1
0.825	1	6	83	6	91	28	549	0	0	0
0.825	1	6	83	6	91	28	549	0	0	1
0.826	1	10	83	7	63	28	549	0	0	0
0.826	1	10	83	7	63	28	549	0	0	1
0.827	1	5	83	8	20	28	549	0	0	0
0.827	1	5	83	8	20	28	549	0	0	1
0.828	1	13	83	9	94	28	549	0	0	0
0.828	1	13	83	9	94	28	549	0	0	1
0.829	1	3	83	10	96	28	549	0	0	0
0.829	1	3	83	10	96	28	549	0	0	1
0.83	1	8	84	1	71	28	549	0	0	0
0.83	1	8	84	1	71	28	549	0	0	1
0.831	1	7	84	2	29	28	549	0	0	0
0.831	1	7	84	2	29	28	549	0	0	1
0.832	1	4	84	3	78	28	549	0	0	0
0.832	1	4	84	3	78	28	549	0	0	1
0.833	1	9	84	4	39	28	549	0	0	0
0.833	1	9	84	4	39	28	549	0	0	1
0.834	1	12	84	5	82	28	549	0	0	0
0.834	1	12	84	5	82	28	549	0	0	1
0.835	1	2	84	6	50	28	549	0	0	0
0.835	1	2	84	6	50	28	549	0	0	1
0.836	1	14	84	7	1	28	549	0	0	0
0.836	1	14	84	7	1	28	549	0	0	1
0.837	1	1	84	8	87	28	549	0	0	0
0.837	1	1	84	8	87	28	549	0	0	1
0.838	1	11	84	9	58	28	549	0	0	0
0.838	1	11	84	9	58	28	549	0	0	1
0.839	1	15	84	10	12	28	549	0	0	0
0.839	1	15	84	10	12	28	549	0	0	1
0.84	1	6	85	1	91	28	549	0	0	0
0.84	1	6	85	1	91	28	549	0	0	1
0.841	1	10	85	2	63	28	549	0	0	0
0.841	1	10	85	2	63	28	549	0	0	1
0.842	1	5	85	3	20	28	549	0	0	0
0.842	1	5	85	3	20	28	549	0	0	1
0.843	1	13	85	4	94	28	549	0	0	0
0.843	1	13	85	4	94	28	549	0	0	1
0.844	1	3	85	5	96	28	549	0	0	0
0.844	1	3	85	5	96	28	549	0	0	1
0.845	1	8	85	6	71	28	549	0	0	0
0.845	1	8	85	6	71	28	549	0	0	1
0.846	1	7	85	7	29	28	549	0	0	0
0.846	1	7	85	7	29	28	549	0	0	1
0.847	1	4	85	8	78	28	549	0	0	0
0.847	1	4	85	8	78	28	549	0	0	1
0.848	1	9	85	9	39	28	549	0	0	0
0.848	1	9	85	9	39	28	549	0	0	1
0.849	1	12	85	10	82	28	549	0	0	0
0.849	1	12	85	10	82	28	549	0	0	1
0.85	1	2	86	1	50	28	549	0	0	0
0.85	1	2	86	1	50	28	549	0	0	1
0.851	1	14	86	2	1	28	549	0	0	0
0.851	1	14	86	2	1	28	549	0	0	1
0.852	1	1	86	3	87	28	549	0	0	0
0.852	1	1	86	3	87	28	549	0	0	1
0.853	1	11	86	4	58	28	549	0	0	0
0.853	1	11	86	4	58	28	549	0	0	1
0.854	1	15	86	5	12	28	549	0	0	0
0.854	1	15	86	5	12	28	549	0	0	1
0.855	1	6	86	6	91	28	549	0	0	0
0.855	1	6	86	6	91	28	549	0	0	1
0.856	1	10	86	7	63	28	549	0	0	0
0.856	1	10	86	7	63	28	549	0	0	1
0.857	1	5	86	8	20	28	549	0	0	0
0.857	1	5	86	8	20	28	549	0	0	1
0.858	1	13	86	9	94	28	549	0	0	0
0.858	1	13	86	9	94	28	549	0	0	1
0.859	1	3	86	10	96	28	549	0	0	0
0.859	1	3	86	10	96	28	549	0	0	1
0.86	1	8	87	1	71	28	549	0	0	0
0.86	1	8	87	1	71	28	549	0	0	1
0.861	1	7	87	2	29	28	549	0	0	0
0.861	1	7	87	2	29	28	549	0	0	1
0.862	1	4	87	3	78	28	549	0	0	0
0.862	1	4	87	3	78	28	549	0	0	1
0.863	1	9	87	4	39	28	549	0	0	0
0.863	1	9	87	4	39	28	549	0	0	1
0.864	1	12	87	5	82	28	549	0	0	0
0.864	1	12	87	5	82	28	549	0	0	1
0.865	1	2	87	6	50	28	549	0	0	0
0.865	1	2	87	6	50	28	549	0	0	1
0.866	1	14	87	7	1	28	549	0	0	0
0.866	1	14	87	7	1	28	549	0	0	1
0.867	1	1	87	8	87	28	549	0	0	0
0.867	1	1	87	8	87	28	549	0	0	1
0.868	1	11	87	9	58	28	549	0	0	0
0.868	1	11	87	9	58	28	549	0	0	1
0.869	1	15	87	10	12	28	549	0	0	0
0.869	1	15	87	10	12	28	549	0	0	1
0.87	1	6	88	1	91	28	549	0	0	0
0.87	1	6	88	1	91	28	549	0	0	1
0.871	1	10	88	2	63	28	549	0	0	0
0.871	1	10	88	2	63	28	549	0	0	1
0.872	1	5	88	3	20	28	549	0	0	0
0.872	1	5	88	3	20	28	549	0	0	1
0.873	1	13	88	4	94	28	549	0	0	0
0.873	1	13	88	4	94	28	549	0	0	1
0.874	1	3	88	5	96	28	549	0	0	0
0.874	1	3	88	5	96	28	549	0	0	1
0.875	1	8	88	6	71	28	549	0	0	0
0.875	1	8	88	6	71	28	549	0	0	1
0.876	1	7	88	7	29	28	549	0	0	0
0.876	1	7	88	7	29	28	549	0	0	1
0.877	1	4	88	8	78	28	549	0	0	0
0.877	1	4	88	8	78	28	549	0	0	1
0.878	1	9	88	9	39	28	549	0	0	0
0.878	1	9	88	9	39	28	549	0	0	1
0.879	1	12	88	10	82	28	549	0	0	0
0.879	1	12	88	10	82	28	549	0	0	1
0.88	1	2	89	1	50	28	549	0	0	0
0.88	1	2	89	1	50	28	549	0	0	1
0.881	1	14	89	2	1	28	549	0	0	0
0.881	1	14	89	2	1	28	549	0	0	1
0.882	1	1	89	3	87	28	549	0	0	0
0.882	1	1	89	3	87	28	549	0	0	1
0.883	1	11	89	4	58	28	549	0	0	0
0.883	1	11	89	4	58	28	549	0	0	1
0.884	1	15	89	5	12	28	549	0	0	0
0.884	1	15	89	5	12	28	549	0	0	1
0.885	1	6	89	6	91	28	549	0	0	0
0.885	1	6	89	6	91	28	549	0	0	1
0.886	1	10	89	7	63	28	549	0	0	0
0.886	1	10	89	7	63	28	549	0	0	1
0.887	1	5	89	8	20	28	549	0	0	0
0.887	1	5	89	8	20	28	549	0	0	1
0.888	1	13	89	9	94	28	549	0	0	0
0.888	1	13	89	9	94	28	549	0	0	1
0.889	1	3	89	10	96	28	549	0	0	0
0.889	1	3	89	10	96	28	549	0	0	1
0.89	1	8	90	1	71	28	549	0	0	0
0.89	1	8	90	1	71	28	549	0	0	1
0.891	1	7	90	2	29	28	549	0	0	0
0.891	1	7	90	2	29	28	549	0	0	1
0.892	1	4	90	3	78	28	549	0	0	0
0.892	1	4	90	3	78	28	549	0	0	1
0.893	1	9	90	4	39	28	549	0	0	0
0.893	1	9	90	4	39	28	549	0	0	1
0.894	1	12	90	5	82	28	549	0	0	0
0.894	1	12	90	5	82	28	549	0	0	1
0.895	1	2	90	6	50	28	549	0	0	0
0.895	1	2	90	6	50	28	549	0	0	1
0.896	1	14	90	7	1	28	549	0	0	0
0.896	1	14	90	7	1	28	549	0	0	1
0.897	1	1	90	8	87	28	549	0	0	0
0.897	1	1	90	8	87	28	549	0	0	1
0.898	1	11	90	9	58	28	549	0	0	0
0.898	1	11	90	9	58	28	549	0	0	1
0.899	1	15	90	10	12	28	549	0	0	0
0.899	1	15	90	10	12	28	549	0	0	1
