% time	cellId	IMSI	RNTI	layer	mcs	size	rv	ndi	ccId
267	1	1	1	0	0	81	0	1	0
59	1	2	50	0	28	549	0	1	0
59	2	2	50	0	28	549	0	1	1
60	1	11	58	0	0	19	0	1	0
60	2	11	58	0	0	19	0	1	1
282	1	1	1	0	28	2196	0	1	0
283	1	1	1	0	28	2196	0	1	0
284	1	1	1	0	28	2196	0	1	0
61	1	2	50	0	28	549	0	1	0
61	2	2	50	0	28	549	0	1	1
285	1	1	1	0	28	2196	0	1	0
286	1	1	1	0	28	2196	0	1	0
287	1	1	1	0	28	2196	0	1	0
288	1	1	1	0	28	2196	0	1	0
62	1	9	39	0	28	549	0	1	0
289	1	1	1	0	28	2196	0	1	0
62	2	9	39	0	28	549	0	1	1
290	1	1	1	0	28	2196	0	1	0
291	1	1	1	0	28	2196	0	1	0
292	1	1	1	0	28	2196	0	1	0
63	1	11	58	0	28	549	0	1	0
63	2	11	58	0	28	549	0	1	1
293	1	1	1	0	28	2196	0	1	0
294	1	1	1	0	28	2196	0	1	0
64	1	10	63	0	0	19	0	1	0
295	1	1	1	0	28	2196	0	1	0
64	2	10	63	0	0	19	0	1	1
296	1	1	1	0	28	2196	0	1	0
297	1	1	1	0	28	2196	0	1	0
65	1	11	58	0	28	549	0	1	0
298	1	1	1	0	28	2196	0	1	0
65	2	11	58	0	28	549	0	1	1
299	1	1	1	0	28	2196	0	1	0
66	1	10	63	0	0	19	0	1	0
300	1	1	1	0	28	2196	0	1	0
66	2	10	63	0	0	19	0	1	1
301	1	1	1	0	28	2196	0	1	0
302	1	1	1	0	28	2196	0	1	0
67	1	11	58	0	28	549	0	1	0
67	2	11	58	0	28	549	0	1	1
303	1	1	1	0	28	2196	0	1	0
304	1	1	1	0	28	2196	0	1	0
305	1	1	1	0	28	2196	0	1	0
68	1	2	50	0	28	549	0	1	0
68	2	2	50	0	28	549	0	1	1
306	1	1	1	0	28	2196	0	1	0
307	1	1	1	0	28	2196	0	1	0
69	1	10	63	0	28	549	0	1	0
308	1	1	1	0	28	2196	0	1	0
69	2	10	63	0	28	549	0	1	1
309	1	1	1	0	28	2196	0	1	0
70	1	8	71	0	0	19	0	1	0
310	1	1	1	0	28	2196	0	1	0
70	2	8	71	0	0	19	0	1	1
311	1	1	1	0	28	2196	0	1	0
312	1	1	1	0	28	2196	0	1	0
71	1	10	63	0	28	549	0	1	0
313	1	1	1	0	28	2196	0	1	0
71	2	10	63	0	28	549	0	1	1
314	1	1	1	0	28	2196	0	1	0
72	1	8	71	0	0	19	0	1	0
315	1	1	1	0	28	2196	0	1	0
72	2	8	71	0	0	19	0	1	1
316	1	1	1	0	28	2196	0	1	0
317	1	1	1	0	28	2196	0	1	0
73	1	10	63	0	28	549	0	1	0
73	2	10	63	0	28	549	0	1	1
318	1	1	1	0	28	2196	0	1	0
319	1	1	1	0	28	2196	0	1	0
320	1	1	1	0	28	2196	0	1	0
74	1	14	1	0	28	549	0	1	0
74	2	14	1	0	28	549	0	1	1
321	1	1	1	0	28	2196	0	1	0
322	1	1	1	0	28	2196	0	1	0
323	1	1	1	0	28	2196	0	1	0
75	1	8	71	0	28	549	0	1	0
75	2	8	71	0	28	549	0	1	1
324	1	1	1	0	28	2196	0	1	0
325	1	1	1	0	28	2196	0	1	0
76	1	4	78	0	0	19	0	1	0
76	2	4	78	0	0	19	0	1	1
326	1	1	1	0	28	2196	0	1	0
327	1	1	1	0	28	2196	0	1	0
77	1	8	71	0	28	549	0	1	0
328	1	1	1	0	28	2196	0	1	0
77	2	8	71	0	28	549	0	1	1
329	1	1	1	0	28	2196	0	1	0
330	1	1	1	0	28	2196	0	1	0
78	1	4	78	0	0	19	0	1	0
78	2	4	78	0	0	19	0	1	1
331	1	1	1	0	28	2196	0	1	0
332	1	1	1	0	28	2196	0	1	0
333	1	1	1	0	28	2196	0	1	0
79	1	8	71	0	28	549	0	1	0
79	2	8	71	0	28	549	0	1	1
334	1	1	1	0	28	2196	0	1	0
335	1	1	1	0	28	2196	0	1	0
336	1	1	1	0	28	2196	0	1	0
80	1	11	58	0	28	549	0	1	0
80	2	11	58	0	28	549	0	1	1
337	1	1	1	0	28	2196	0	1	0
338	1	1	1	0	28	2196	0	1	0
339	1	1	1	0	28	2196	0	1	0
81	1	4	78	0	28	549	0	1	0
81	2	4	78	0	28	549	0	1	1
340	1	1	1	0	28	2196	0	1	0
341	1	1	1	0	28	2196	0	1	0
82	1	12	82	0	0	19	0	1	0
82	2	12	82	0	0	19	0	1	1
342	1	1	1	0	28	2196	0	1	0
343	1	1	1	0	28	2196	0	1	0
344	1	1	1	0	28	2196	0	1	0
83	1	4	78	0	28	549	0	1	0
345	1	1	1	0	28	2196	0	1	0
83	2	4	78	0	28	549	0	1	1
346	1	1	1	0	28	2196	0	1	0
84	1	12	82	0	0	19	0	1	0
347	1	1	1	0	28	2196	0	1	0
84	2	12	82	0	0	19	0	1	1
348	1	1	1	0	28	2196	0	1	0
349	1	1	1	0	28	2196	0	1	0
85	1	4	78	0	28	549	0	1	0
85	2	4	78	0	28	549	0	1	1
350	1	1	1	0	28	2196	0	1	0
351	1	1	1	0	28	2196	0	1	0
352	1	1	1	0	28	2196	0	1	0
86	1	15	12	0	28	549	0	1	0
86	2	15	12	0	28	549	0	1	1
353	1	1	1	0	28	2196	0	1	0
354	1	1	1	0	28	2196	0	1	0
355	1	1	1	0	28	2196	0	1	0
87	1	12	82	0	28	549	0	1	0
87	2	12	82	0	28	549	0	1	1
356	1	1	1	0	28	2196	0	1	0
357	1	1	1	0	28	2196	0	1	0
88	1	1	87	0	0	19	0	1	0
358	1	1	1	0	28	2196	0	1	0
88	2	1	87	0	0	19	0	1	1
359	1	1	1	0	28	2196	0	1	0
360	1	1	1	0	28	2196	0	1	0
89	1	12	82	0	28	549	0	1	0
361	1	1	1	0	28	2196	0	1	0
89	2	12	82	0	28	549	0	1	1
362	1	1	1	0	28	2196	0	1	0
363	1	1	1	0	28	2196	0	1	0
90	1	1	87	0	0	19	0	1	0
90	2	1	87	0	0	19	0	1	1
364	1	1	1	0	28	2196	0	1	0
365	1	1	1	0	28	2196	0	1	0
366	1	1	1	0	28	2196	0	1	0
91	1	12	82	0	28	549	0	1	0
91	2	12	82	0	28	549	0	1	1
367	1	1	1	0	28	2196	0	1	0
368	1	1	1	0	28	2196	0	1	0
369	1	1	1	0	28	2196	0	1	0
92	1	10	63	0	28	549	0	1	0
92	2	10	63	0	28	549	0	1	1
370	1	1	1	0	28	2196	0	1	0
371	1	1	1	0	28	2196	0	1	0
372	1	1	1	0	28	2196	0	1	0
93	1	1	87	0	28	549	0	1	0
373	1	1	1	0	28	2196	0	1	0
93	2	1	87	0	28	549	0	1	1
374	1	1	1	0	28	2196	0	1	0
375	1	1	1	0	28	2196	0	1	0
94	1	6	91	0	0	19	0	1	0
94	2	6	91	0	0	19	0	1	1
376	1	1	1	0	28	2196	0	1	0
377	1	1	1	0	28	2196	0	1	0
378	1	1	1	0	28	2196	0	1	0
95	1	1	87	0	28	549	0	1	0
95	2	1	87	0	28	549	0	1	1
379	1	1	1	0	28	2196	0	1	0
380	1	1	1	0	28	2196	0	1	0
96	1	6	91	0	0	19	0	1	0
96	2	6	91	0	0	19	0	1	1
381	1	1	1	0	28	2196	0	1	0
382	1	1	1	0	28	2196	0	1	0
383	1	1	1	0	28	2196	0	1	0
384	1	1	1	0	28	2196	0	1	0
97	1	1	87	0	28	549	0	1	0
97	2	1	87	0	28	549	0	1	1
98	1	5	20	0	28	549	0	1	0
98	2	5	20	0	28	549	0	1	1
385	1	1	1	0	28	2196	0	1	0
386	1	1	1	0	28	2196	0	1	0
387	1	1	1	0	28	2196	0	1	0
99	1	6	91	0	28	549	0	1	0
99	2	6	91	0	28	549	0	1	1
388	1	1	1	0	28	2196	0	1	0
389	1	1	1	0	28	2196	0	1	0
100	1	13	94	0	0	19	0	1	0
100	2	13	94	0	0	19	0	1	1
390	1	1	1	0	28	2196	0	1	0
391	1	1	1	0	28	2196	0	1	0
392	1	1	1	0	28	2196	0	1	0
101	1	6	91	0	28	549	0	1	0
393	1	1	1	0	28	2196	0	1	0
101	2	6	91	0	28	549	0	1	1
394	1	1	1	0	28	2196	0	1	0
102	1	13	94	0	0	19	0	1	0
395	1	1	1	0	28	2196	0	1	0
102	2	13	94	0	0	19	0	1	1
396	1	1	1	0	28	2196	0	1	0
397	1	1	1	0	28	2196	0	1	0
398	1	1	1	0	28	2196	0	1	0
103	1	6	91	0	28	549	0	1	0
103	2	6	91	0	28	549	0	1	1
399	1	1	1	0	28	2196	0	1	0
400	1	1	1	0	28	2196	0	1	0
401	1	1	1	0	28	2196	0	1	0
104	1	8	71	0	28	549	0	1	0
104	2	8	71	0	28	549	0	1	1
402	1	1	1	0	28	2196	0	1	0
403	1	1	1	0	28	2196	0	1	0
404	1	1	1	0	28	2196	0	1	0
405	1	1	1	0	28	2196	0	1	0
406	1	1	1	0	28	2196	0	1	0
105	1	13	94	0	28	549	0	1	0
407	1	1	1	0	28	2196	0	1	0
105	2	13	94	0	28	549	0	1	1
106	1	3	96	0	0	19	0	1	0
106	2	3	96	0	0	19	0	1	1
107	1	13	94	0	28	549	0	1	0
107	2	13	94	0	28	549	0	1	1
108	1	3	96	0	0	19	0	1	0
108	2	3	96	0	0	19	0	1	1
109	1	13	94	0	28	549	0	1	0
109	2	13	94	0	28	549	0	1	1
110	1	7	29	0	28	549	0	1	0
110	2	7	29	0	28	549	0	1	1
111	1	3	96	0	28	549	0	1	0
111	2	3	96	0	28	549	0	1	1
112	1	3	96	0	28	549	0	1	0
112	2	3	96	0	28	549	0	1	1
113	1	3	96	0	28	549	0	1	0
113	2	3	96	0	28	549	0	1	1
114	1	4	78	0	28	549	0	1	0
114	2	4	78	0	28	549	0	1	1
115	1	9	39	0	28	549	0	1	0
115	2	9	39	0	28	549	0	1	1
116	1	12	82	0	28	549	0	1	0
116	2	12	82	0	28	549	0	1	1
117	1	2	50	0	28	549	0	1	0
117	2	2	50	0	28	549	0	1	1
118	1	14	1	0	28	549	0	1	0
118	2	14	1	0	28	549	0	1	1
119	1	1	87	0	28	549	0	1	0
119	2	1	87	0	28	549	0	1	1
120	1	11	58	0	28	549	0	1	0
120	2	11	58	0	28	549	0	1	1
121	1	15	12	0	28	549	0	1	0
121	2	15	12	0	28	549	0	1	1
122	1	6	91	0	28	549	0	1	0
122	2	6	91	0	28	549	0	1	1
123	1	10	63	0	28	549	0	1	0
123	2	10	63	0	28	549	0	1	1
124	1	5	20	0	28	549	0	1	0
124	2	5	20	0	28	549	0	1	1
125	1	13	94	0	28	549	0	1	0
125	2	13	94	0	28	549	0	1	1
126	1	3	96	0	28	549	0	1	0
126	2	3	96	0	28	549	0	1	1
127	1	8	71	0	28	549	0	1	0
127	2	8	71	0	28	549	0	1	1
128	1	7	29	0	28	549	0	1	0
128	2	7	29	0	28	549	0	1	1
129	1	4	78	0	28	549	0	1	0
129	2	4	78	0	28	549	0	1	1
130	1	9	39	0	28	549	0	1	0
130	2	9	39	0	28	549	0	1	1
131	1	12	82	0	28	549	0	1	0
131	2	12	82	0	28	549	0	1	1
132	1	2	50	0	28	549	0	1	0
132	2	2	50	0	28	549	0	1	1
133	1	14	1	0	28	549	0	1	0
133	2	14	1	0	28	549	0	1	1
134	1	1	87	0	28	549	0	1	0
134	2	1	87	0	28	549	0	1	1
135	1	11	58	0	28	549	0	1	0
135	2	11	58	0	28	549	0	1	1
136	1	15	12	0	28	549	0	1	0
136	2	15	12	0	28	549	0	1	1
137	1	6	91	0	28	549	0	1	0
137	2	6	91	0	28	549	0	1	1
138	1	10	63	0	28	549	0	1	0
138	2	10	63	0	28	549	0	1	1
139	1	5	20	0	28	549	0	1	0
139	2	5	20	0	28	549	0	1	1
140	1	13	94	0	28	549	0	1	0
140	2	13	94	0	28	549	0	1	1
141	1	3	96	0	28	549	0	1	0
141	2	3	96	0	28	549	0	1	1
142	1	8	71	0	28	549	0	1	0
142	2	8	71	0	28	549	0	1	1
143	1	7	29	0	28	549	0	1	0
143	2	7	29	0	28	549	0	1	1
144	1	4	78	0	28	549	0	1	0
144	2	4	78	0	28	549	0	1	1
145	1	9	39	0	28	549	0	1	0
145	2	9	39	0	28	549	0	1	1
146	1	12	82	0	28	549	0	1	0
146	2	12	82	0	28	549	0	1	1
147	1	2	50	0	28	549	0	1	0
147	2	2	50	0	28	549	0	1	1
148	1	14	1	0	28	549	0	1	0
148	2	14	1	0	28	549	0	1	1
149	1	1	87	0	28	549	0	1	0
149	2	1	87	0	28	549	0	1	1
150	1	11	58	0	28	549	0	1	0
150	2	11	58	0	28	549	0	1	1
151	1	15	12	0	28	549	0	1	0
151	2	15	12	0	28	549	0	1	1
152	1	6	91	0	28	549	0	1	0
152	2	6	91	0	28	549	0	1	1
153	1	10	63	0	28	549	0	1	0
153	2	10	63	0	28	549	0	1	1
154	1	5	20	0	28	549	0	1	0
154	2	5	20	0	28	549	0	1	1
155	1	13	94	0	28	549	0	1	0
155	2	13	94	0	28	549	0	1	1
156	1	3	96	0	28	549	0	1	0
156	2	3	96	0	28	549	0	1	1
157	1	8	71	0	28	549	0	1	0
157	2	8	71	0	28	549	0	1	1
158	1	7	29	0	28	549	0	1	0
158	2	7	29	0	28	549	0	1	1
159	1	4	78	0	28	549	0	1	0
159	2	4	78	0	28	549	0	1	1
160	1	9	39	0	28	549	0	1	0
160	2	9	39	0	28	549	0	1	1
161	1	12	82	0	28	549	0	1	0
161	2	12	82	0	28	549	0	1	1
162	1	2	50	0	28	549	0	1	0
162	2	2	50	0	28	549	0	1	1
163	1	14	1	0	28	549	0	1	0
163	2	14	1	0	28	549	0	1	1
164	1	1	87	0	28	549	0	1	0
164	2	1	87	0	28	549	0	1	1
165	1	11	58	0	28	549	0	1	0
165	2	11	58	0	28	549	0	1	1
166	1	15	12	0	28	549	0	1	0
166	2	15	12	0	28	549	0	1	1
167	1	6	91	0	28	549	0	1	0
167	2	6	91	0	28	549	0	1	1
168	1	10	63	0	28	549	0	1	0
168	2	10	63	0	28	549	0	1	1
169	1	5	20	0	28	549	0	1	0
169	2	5	20	0	28	549	0	1	1
170	1	13	94	0	28	549	0	1	0
170	2	13	94	0	28	549	0	1	1
171	1	3	96	0	28	549	0	1	0
171	2	3	96	0	28	549	0	1	1
172	1	8	71	0	28	549	0	1	0
172	2	8	71	0	28	549	0	1	1
173	1	7	29	0	28	549	0	1	0
173	2	7	29	0	28	549	0	1	1
174	1	4	78	0	28	549	0	1	0
174	2	4	78	0	28	549	0	1	1
175	1	9	39	0	28	549	0	1	0
175	2	9	39	0	28	549	0	1	1
176	1	12	82	0	28	549	0	1	0
176	2	12	82	0	28	549	0	1	1
177	1	2	50	0	28	549	0	1	0
177	2	2	50	0	28	549	0	1	1
178	1	14	1	0	28	549	0	1	0
178	2	14	1	0	28	549	0	1	1
179	1	1	87	0	28	549	0	1	0
179	2	1	87	0	28	549	0	1	1
180	1	11	58	0	28	549	0	1	0
180	2	11	58	0	28	549	0	1	1
181	1	15	12	0	28	549	0	1	0
181	2	15	12	0	28	549	0	1	1
182	1	6	91	0	28	549	0	1	0
182	2	6	91	0	28	549	0	1	1
183	1	10	63	0	28	549	0	1	0
183	2	10	63	0	28	549	0	1	1
184	1	5	20	0	28	549	0	1	0
184	2	5	20	0	28	549	0	1	1
185	1	13	94	0	28	549	0	1	0
185	2	13	94	0	28	549	0	1	1
186	1	3	96	0	28	549	0	1	0
186	2	3	96	0	28	549	0	1	1
187	1	8	71	0	28	549	0	1	0
187	2	8	71	0	28	549	0	1	1
188	1	7	29	0	28	549	0	1	0
188	2	7	29	0	28	549	0	1	1
189	1	4	78	0	28	549	0	1	0
189	2	4	78	0	28	549	0	1	1
190	1	9	39	0	28	549	0	1	0
190	2	9	39	0	28	549	0	1	1
191	1	12	82	0	28	549	0	1	0
191	2	12	82	0	28	549	0	1	1
192	1	2	50	0	28	549	0	1	0
192	2	2	50	0	28	549	0	1	1
193	1	14	1	0	28	549	0	1	0
193	2	14	1	0	28	549	0	1	1
194	1	1	87	0	28	549	0	1	0
194	2	1	87	0	28	549	0	1	1
195	1	11	58	0	28	549	0	1	0
195	2	11	58	0	28	549	0	1	1
196	1	15	12	0	28	549	0	1	0
196	2	15	12	0	28	549	0	1	1
197	1	6	91	0	28	549	0	1	0
197	2	6	91	0	28	549	0	1	1
198	1	10	63	0	28	549	0	1	0
198	2	10	63	0	28	549	0	1	1
199	1	5	20	0	28	549	0	1	0
199	2	5	20	0	28	549	0	1	1
200	1	13	94	0	28	549	0	1	0
200	2	13	94	0	28	549	0	1	1
201	1	3	96	0	28	549	0	1	0
201	2	3	96	0	28	549	0	1	1
202	1	8	71	0	28	549	0	1	0
202	2	8	71	0	28	549	0	1	1
203	1	7	29	0	28	549	0	1	0
203	2	7	29	0	28	549	0	1	1
204	1	4	78	0	28	549	0	1	0
204	2	4	78	0	28	549	0	1	1
205	1	9	39	0	28	549	0	1	0
205	2	9	39	0	28	549	0	1	1
206	1	12	82	0	28	549	0	1	0
206	2	12	82	0	28	549	0	1	1
207	1	2	50	0	28	549	0	1	0
207	2	2	50	0	28	549	0	1	1
208	1	14	1	0	28	549	0	1	0
208	2	14	1	0	28	549	0	1	1
209	1	1	87	0	28	549	0	1	0
209	2	1	87	0	28	549	0	1	1
210	1	11	58	0	28	549	0	1	0
210	2	11	58	0	28	549	0	1	1
211	1	15	12	0	28	549	0	1	0
211	2	15	12	0	28	549	0	1	1
212	1	6	91	0	28	549	0	1	0
212	2	6	91	0	28	549	0	1	1
213	1	10	63	0	28	549	0	1	0
213	2	10	63	0	28	549	0	1	1
214	1	5	20	0	28	549	0	1	0
214	2	5	20	0	28	549	0	1	1
215	1	13	94	0	28	549	0	1	0
215	2	13	94	0	28	549	0	1	1
216	1	3	96	0	28	549	0	1	0
216	2	3	96	0	28	549	0	1	1
217	1	8	71	0	28	549	0	1	0
217	2	8	71	0	28	549	0	1	1
218	1	7	29	0	28	549	0	1	0
218	2	7	29	0	28	549	0	1	1
219	1	4	78	0	28	549	0	1	0
219	2	4	78	0	28	549	0	1	1
220	1	9	39	0	28	549	0	1	0
220	2	9	39	0	28	549	0	1	1
221	1	12	82	0	28	549	0	1	0
221	2	12	82	0	28	549	0	1	1
222	1	2	50	0	28	549	0	1	0
222	2	2	50	0	28	549	0	1	1
223	1	14	1	0	28	549	0	1	0
223	2	14	1	0	28	549	0	1	1
224	1	1	87	0	28	549	0	1	0
224	2	1	87	0	28	549	0	1	1
225	1	11	58	0	28	549	0	1	0
225	2	11	58	0	28	549	0	1	1
226	1	15	12	0	28	549	0	1	0
226	2	15	12	0	28	549	0	1	1
227	1	6	91	0	28	549	0	1	0
227	2	6	91	0	28	549	0	1	1
228	1	10	63	0	28	549	0	1	0
228	2	10	63	0	28	549	0	1	1
229	1	5	20	0	28	549	0	1	0
229	2	5	20	0	28	549	0	1	1
230	1	13	94	0	28	549	0	1	0
230	2	13	94	0	28	549	0	1	1
231	1	3	96	0	28	549	0	1	0
231	2	3	96	0	28	549	0	1	1
232	1	8	71	0	28	549	0	1	0
232	2	8	71	0	28	549	0	1	1
233	1	7	29	0	28	549	0	1	0
233	2	7	29	0	28	549	0	1	1
234	1	4	78	0	28	549	0	1	0
234	2	4	78	0	28	549	0	1	1
235	1	9	39	0	28	549	0	1	0
235	2	9	39	0	28	549	0	1	1
236	1	12	82	0	28	549	0	1	0
236	2	12	82	0	28	549	0	1	1
237	1	2	50	0	28	549	0	1	0
237	2	2	50	0	28	549	0	1	1
238	1	14	1	0	28	549	0	1	0
238	2	14	1	0	28	549	0	1	1
239	1	1	87	0	28	549	0	1	0
239	2	1	87	0	28	549	0	1	1
240	1	11	58	0	28	549	0	1	0
240	2	11	58	0	28	549	0	1	1
241	1	15	12	0	28	549	0	1	0
241	2	15	12	0	28	549	0	1	1
242	1	6	91	0	28	549	0	1	0
242	2	6	91	0	28	549	0	1	1
243	1	10	63	0	28	549	0	1	0
243	2	10	63	0	28	549	0	1	1
244	1	5	20	0	28	549	0	1	0
244	2	5	20	0	28	549	0	1	1
245	1	13	94	0	28	549	0	1	0
245	2	13	94	0	28	549	0	1	1
246	1	3	96	0	28	549	0	1	0
246	2	3	96	0	28	549	0	1	1
247	1	8	71	0	28	549	0	1	0
247	2	8	71	0	28	549	0	1	1
248	1	7	29	0	28	549	0	1	0
248	2	7	29	0	28	549	0	1	1
249	1	4	78	0	28	549	0	1	0
249	2	4	78	0	28	549	0	1	1
250	1	9	39	0	28	549	0	1	0
250	2	9	39	0	28	549	0	1	1
251	1	12	82	0	28	549	0	1	0
251	2	12	82	0	28	549	0	1	1
252	1	2	50	0	28	549	0	1	0
252	2	2	50	0	28	549	0	1	1
253	1	14	1	0	28	549	0	1	0
253	2	14	1	0	28	549	0	1	1
254	1	1	87	0	28	549	0	1	0
254	2	1	87	0	28	549	0	1	1
255	1	11	58	0	28	549	0	1	0
255	2	11	58	0	28	549	0	1	1
256	1	15	12	0	28	549	0	1	0
256	2	15	12	0	28	549	0	1	1
257	1	6	91	0	28	549	0	1	0
257	2	6	91	0	28	549	0	1	1
258	1	10	63	0	28	549	0	1	0
258	2	10	63	0	28	549	0	1	1
259	1	5	20	0	28	549	0	1	0
259	2	5	20	0	28	549	0	1	1
260	1	13	94	0	28	549	0	1	0
260	2	13	94	0	28	549	0	1	1
261	1	3	96	0	28	549	0	1	0
261	2	3	96	0	28	549	0	1	1
262	1	8	71	0	28	549	0	1	0
262	2	8	71	0	28	549	0	1	1
263	1	7	29	0	28	549	0	1	0
263	2	7	29	0	28	549	0	1	1
264	1	4	78	0	28	549	0	1	0
264	2	4	78	0	28	549	0	1	1
265	1	9	39	0	28	549	0	1	0
265	2	9	39	0	28	549	0	1	1
266	1	12	82	0	28	549	0	1	0
266	2	12	82	0	28	549	0	1	1
267	1	2	50	0	28	549	0	1	0
267	2	2	50	0	28	549	0	1	1
268	1	14	1	0	28	549	0	1	0
268	2	14	1	0	28	549	0	1	1
269	1	1	87	0	28	549	0	1	0
269	2	1	87	0	28	549	0	1	1
270	1	11	58	0	28	549	0	1	0
270	2	11	58	0	28	549	0	1	1
271	1	15	12	0	28	549	0	1	0
271	2	15	12	0	28	549	0	1	1
272	1	6	91	0	28	549	0	1	0
272	2	6	91	0	28	549	0	1	1
273	1	10	63	0	28	549	0	1	0
273	2	10	63	0	28	549	0	1	1
274	1	5	20	0	28	549	0	1	0
274	2	5	20	0	28	549	0	1	1
275	1	13	94	0	28	549	0	1	0
275	2	13	94	0	28	549	0	1	1
276	1	3	96	0	28	549	0	1	0
276	2	3	96	0	28	549	0	1	1
277	1	8	71	0	28	549	0	1	0
277	2	8	71	0	28	549	0	1	1
278	1	7	29	0	28	549	0	1	0
278	2	7	29	0	28	549	0	1	1
279	1	4	78	0	28	549	0	1	0
279	2	4	78	0	28	549	0	1	1
280	1	9	39	0	28	549	0	1	0
280	2	9	39	0	28	549	0	1	1
281	1	12	82	0	28	549	0	1	0
281	2	12	82	0	28	549	0	1	1
282	1	2	50	0	28	549	0	1	0
282	2	2	50	0	28	549	0	1	1
283	1	14	1	0	28	549	0	1	0
283	2	14	1	0	28	549	0	1	1
284	1	1	87	0	28	549	0	1	0
284	2	1	87	0	28	549	0	1	1
285	1	11	58	0	28	549	0	1	0
285	2	11	58	0	28	549	0	1	1
286	1	15	12	0	28	549	0	1	0
286	2	15	12	0	28	549	0	1	1
287	1	6	91	0	28	549	0	1	0
287	2	6	91	0	28	549	0	1	1
288	1	10	63	0	28	549	0	1	0
288	2	10	63	0	28	549	0	1	1
289	1	5	20	0	28	549	0	1	0
289	2	5	20	0	28	549	0	1	1
290	1	13	94	0	28	549	0	1	0
290	2	13	94	0	28	549	0	1	1
291	1	3	96	0	28	549	0	1	0
291	2	3	96	0	28	549	0	1	1
292	1	8	71	0	28	549	0	1	0
292	2	8	71	0	28	549	0	1	1
293	1	7	29	0	28	549	0	1	0
293	2	7	29	0	28	549	0	1	1
294	1	4	78	0	28	549	0	1	0
294	2	4	78	0	28	549	0	1	1
295	1	9	39	0	28	549	0	1	0
295	2	9	39	0	28	549	0	1	1
296	1	12	82	0	28	549	0	1	0
296	2	12	82	0	28	549	0	1	1
297	1	2	50	0	28	549	0	1	0
297	2	2	50	0	28	549	0	1	1
298	1	14	1	0	28	549	0	1	0
298	2	14	1	0	28	549	0	1	1
299	1	1	87	0	28	549	0	1	0
299	2	1	87	0	28	549	0	1	1
300	1	11	58	0	28	549	0	1	0
300	2	11	58	0	28	549	0	1	1
301	1	15	12	0	28	549	0	1	0
301	2	15	12	0	28	549	0	1	1
302	1	6	91	0	28	549	0	1	0
302	2	6	91	0	28	549	0	1	1
303	1	10	63	0	28	549	0	1	0
303	2	10	63	0	28	549	0	1	1
304	1	5	20	0	28	549	0	1	0
304	2	5	20	0	28	549	0	1	1
305	1	13	94	0	28	549	0	1	0
305	2	13	94	0	28	549	0	1	1
306	1	3	96	0	28	549	0	1	0
306	2	3	96	0	28	549	0	1	1
307	1	8	71	0	28	549	0	1	0
307	2	8	71	0	28	549	0	1	1
308	1	7	29	0	28	549	0	1	0
308	2	7	29	0	28	549	0	1	1
309	1	4	78	0	28	549	0	1	0
309	2	4	78	0	28	549	0	1	1
310	1	9	39	0	28	549	0	1	0
310	2	9	39	0	28	549	0	1	1
311	1	12	82	0	28	549	0	1	0
311	2	12	82	0	28	549	0	1	1
1627	2	1	1	0	0	81	0	1	0
312	1	2	50	0	28	549	0	1	0
312	2	2	50	0	28	549	0	1	1
313	1	14	1	0	28	549	0	1	0
313	2	14	1	0	28	549	0	1	1
1642	2	1	1	0	28	2196	0	1	0
1643	2	1	1	0	28	2196	0	1	0
314	1	1	87	0	28	549	0	1	0
1644	2	1	1	0	28	2196	0	1	0
314	2	1	87	0	28	549	0	1	1
1645	2	1	1	0	28	2196	0	1	0
1646	2	1	1	0	28	2196	0	1	0
1647	2	1	1	0	28	2196	0	1	0
1648	2	1	1	0	28	2196	0	1	0
1649	2	1	1	0	28	2196	0	1	0
315	1	11	58	0	28	549	0	1	0
315	2	11	58	0	28	549	0	1	1
1650	2	1	1	0	28	2196	0	1	0
1651	2	1	1	0	28	2196	0	1	0
1652	2	1	1	0	28	2196	0	1	0
316	1	15	12	0	28	549	0	1	0
316	2	15	12	0	28	549	0	1	1
1653	2	1	1	0	28	2196	0	1	0
1654	2	1	1	0	28	2196	0	1	0
1655	2	1	1	0	28	2196	0	1	0
1656	2	1	1	0	28	2196	0	1	0
317	1	6	91	0	28	549	0	1	0
317	2	6	91	0	28	549	0	1	1
1657	2	1	1	0	28	2196	0	1	0
1658	2	1	1	0	28	2196	0	1	0
318	1	10	63	0	28	549	0	1	0
318	2	10	63	0	28	549	0	1	1
1659	2	1	1	0	28	2196	0	1	0
1660	2	1	1	0	28	2196	0	1	0
1661	2	1	1	0	28	2196	0	1	0
1662	2	1	1	0	28	2196	0	1	0
319	1	5	20	0	28	549	0	1	0
319	2	5	20	0	28	549	0	1	1
1663	2	1	1	0	28	2196	0	1	0
1664	2	1	1	0	28	2196	0	1	0
320	1	13	94	0	28	549	0	1	0
320	2	13	94	0	28	549	0	1	1
1665	2	1	1	0	28	2196	0	1	0
1666	2	1	1	0	28	2196	0	1	0
1667	2	1	1	0	28	2196	0	1	0
321	1	3	96	0	28	549	0	1	0
1668	2	1	1	0	28	2196	0	1	0
321	2	3	96	0	28	549	0	1	1
1669	2	1	1	0	28	2196	0	1	0
1670	2	1	1	0	28	2196	0	1	0
322	1	8	71	0	28	549	0	1	0
322	2	8	71	0	28	549	0	1	1
1671	2	1	1	0	28	2196	0	1	0
1672	2	1	1	0	28	2196	0	1	0
1673	2	1	1	0	28	2196	0	1	0
323	1	7	29	0	28	549	0	1	0
323	2	7	29	0	28	549	0	1	1
1674	2	1	1	0	28	2196	0	1	0
1675	2	1	1	0	28	2196	0	1	0
324	1	4	78	0	28	549	0	1	0
324	2	4	78	0	28	549	0	1	1
1676	2	1	1	0	28	2196	0	1	0
1677	2	1	1	0	28	2196	0	1	0
1678	2	1	1	0	28	2196	0	1	0
1679	2	1	1	0	28	2196	0	1	0
325	1	9	39	0	28	549	0	1	0
325	2	9	39	0	28	549	0	1	1
1680	2	1	1	0	28	2196	0	1	0
1681	2	1	1	0	28	2196	0	1	0
326	1	12	82	0	28	549	0	1	0
326	2	12	82	0	28	549	0	1	1
1682	2	1	1	0	28	2196	0	1	0
1683	2	1	1	0	28	2196	0	1	0
1684	2	1	1	0	28	2196	0	1	0
327	1	2	50	0	28	549	0	1	0
327	2	2	50	0	28	549	0	1	1
1685	2	1	1	0	28	2196	0	1	0
1686	2	1	1	0	28	2196	0	1	0
328	1	14	1	0	28	549	0	1	0
328	2	14	1	0	28	549	0	1	1
1687	2	1	1	0	28	2196	0	1	0
1688	2	1	1	0	28	2196	0	1	0
1689	2	1	1	0	28	2196	0	1	0
1690	2	1	1	0	28	2196	0	1	0
329	1	1	87	0	28	549	0	1	0
329	2	1	87	0	28	549	0	1	1
1691	2	1	1	0	28	2196	0	1	0
1692	2	1	1	0	28	2196	0	1	0
330	1	11	58	0	28	549	0	1	0
330	2	11	58	0	28	549	0	1	1
1693	2	1	1	0	28	2196	0	1	0
1694	2	1	1	0	28	2196	0	1	0
1695	2	1	1	0	28	2196	0	1	0
331	1	15	12	0	28	549	0	1	0
331	2	15	12	0	28	549	0	1	1
1696	2	1	1	0	28	2196	0	1	0
1697	2	1	1	0	28	2196	0	1	0
332	1	6	91	0	28	549	0	1	0
332	2	6	91	0	28	549	0	1	1
1698	2	1	1	0	28	2196	0	1	0
1699	2	1	1	0	28	2196	0	1	0
1700	2	1	1	0	28	2196	0	1	0
1701	2	1	1	0	28	2196	0	1	0
333	1	10	63	0	28	549	0	1	0
333	2	10	63	0	28	549	0	1	1
1702	2	1	1	0	28	2196	0	1	0
1703	2	1	1	0	28	2196	0	1	0
334	1	5	20	0	28	549	0	1	0
334	2	5	20	0	28	549	0	1	1
1704	2	1	1	0	28	2196	0	1	0
1705	2	1	1	0	28	2196	0	1	0
1706	2	1	1	0	28	2196	0	1	0
335	1	13	94	0	28	549	0	1	0
335	2	13	94	0	28	549	0	1	1
1707	2	1	1	0	28	2196	0	1	0
1708	2	1	1	0	28	2196	0	1	0
336	1	3	96	0	28	549	0	1	0
336	2	3	96	0	28	549	0	1	1
1709	2	1	1	0	28	2196	0	1	0
1710	2	1	1	0	28	2196	0	1	0
1711	2	1	1	0	28	2196	0	1	0
1712	2	1	1	0	28	2196	0	1	0
337	1	8	71	0	28	549	0	1	0
337	2	8	71	0	28	549	0	1	1
1713	2	1	1	0	28	2196	0	1	0
1714	2	1	1	0	28	2196	0	1	0
338	1	7	29	0	28	549	0	1	0
338	2	7	29	0	28	549	0	1	1
1715	2	1	1	0	28	2196	0	1	0
1716	2	1	1	0	28	2196	0	1	0
1717	2	1	1	0	28	2196	0	1	0
1718	2	1	1	0	28	2196	0	1	0
339	1	4	78	0	28	549	0	1	0
339	2	4	78	0	28	549	0	1	1
1719	2	1	1	0	28	2196	0	1	0
1720	2	1	1	0	28	2196	0	1	0
340	1	9	39	0	28	549	0	1	0
340	2	9	39	0	28	549	0	1	1
1721	2	1	1	0	28	2196	0	1	0
1722	2	1	1	0	28	2196	0	1	0
1723	2	1	1	0	28	2196	0	1	0
1724	2	1	1	0	28	2196	0	1	0
341	1	12	82	0	28	549	0	1	0
341	2	12	82	0	28	549	0	1	1
1725	2	1	1	0	28	2196	0	1	0
1726	2	1	1	0	28	2196	0	1	0
342	1	2	50	0	28	549	0	1	0
342	2	2	50	0	28	549	0	1	1
1727	2	1	1	0	28	2196	0	1	0
1728	2	1	1	0	28	2196	0	1	0
1729	2	1	1	0	28	2196	0	1	0
343	1	14	1	0	28	549	0	1	0
1730	2	1	1	0	28	2196	0	1	0
343	2	14	1	0	28	549	0	1	1
1731	2	1	1	0	28	2196	0	1	0
344	1	1	87	0	28	549	0	1	0
1732	2	1	1	0	28	2196	0	1	0
344	2	1	87	0	28	549	0	1	1
1733	2	1	1	0	28	2196	0	1	0
1734	2	1	1	0	28	2196	0	1	0
1735	2	1	1	0	28	2196	0	1	0
345	1	11	58	0	28	549	0	1	0
345	2	11	58	0	28	549	0	1	1
1736	2	1	1	0	28	2196	0	1	0
1737	2	1	1	0	28	2196	0	1	0
346	1	15	12	0	28	549	0	1	0
346	2	15	12	0	28	549	0	1	1
1738	2	1	1	0	28	2196	0	1	0
1739	2	1	1	0	28	2196	0	1	0
1740	2	1	1	0	28	2196	0	1	0
347	1	6	91	0	28	549	0	1	0
1741	2	1	1	0	28	2196	0	1	0
347	2	6	91	0	28	549	0	1	1
1742	2	1	1	0	28	2196	0	1	0
348	1	10	63	0	28	549	0	1	0
1743	2	1	1	0	28	2196	0	1	0
348	2	10	63	0	28	549	0	1	1
1744	2	1	1	0	28	2196	0	1	0
349	1	5	20	0	28	549	0	1	0
349	2	5	20	0	28	549	0	1	1
1745	2	1	1	0	28	2196	0	1	0
350	1	13	94	0	28	549	0	1	0
350	2	13	94	0	28	549	0	1	1
1746	2	1	1	0	28	2196	0	1	0
1747	2	1	1	0	28	2196	0	1	0
1748	2	1	1	0	28	2196	0	1	0
351	1	3	96	0	28	549	0	1	0
351	2	3	96	0	28	549	0	1	1
1749	2	1	1	0	28	2196	0	1	0
1750	2	1	1	0	28	2196	0	1	0
352	1	8	71	0	28	549	0	1	0
352	2	8	71	0	28	549	0	1	1
1751	2	1	1	0	28	2196	0	1	0
1752	2	1	1	0	28	2196	0	1	0
1753	2	1	1	0	28	2196	0	1	0
353	1	7	29	0	28	549	0	1	0
353	2	7	29	0	28	549	0	1	1
1754	2	1	1	0	28	2196	0	1	0
1755	2	1	1	0	28	2196	0	1	0
354	1	4	78	0	28	549	0	1	0
354	2	4	78	0	28	549	0	1	1
1756	2	1	1	0	28	2196	0	1	0
1757	2	1	1	0	28	2196	0	1	0
1758	2	1	1	0	28	2196	0	1	0
355	1	9	39	0	28	549	0	1	0
355	2	9	39	0	28	549	0	1	1
1759	2	1	1	0	28	2196	0	1	0
1760	2	1	1	0	28	2196	0	1	0
356	1	12	82	0	28	549	0	1	0
356	2	12	82	0	28	549	0	1	1
1761	2	1	1	0	28	2196	0	1	0
1762	2	1	1	0	28	2196	0	1	0
1763	2	1	1	0	28	2196	0	1	0
357	1	2	50	0	28	549	0	1	0
357	2	2	50	0	28	549	0	1	1
1764	2	1	1	0	28	2196	0	1	0
1765	2	1	1	0	28	2196	0	1	0
358	1	14	1	0	28	549	0	1	0
358	2	14	1	0	28	549	0	1	1
1766	2	1	1	0	28	2196	0	1	0
1767	2	1	1	0	28	2196	0	1	0
1768	2	1	1	0	28	2196	0	1	0
359	1	1	87	0	28	549	0	1	0
1769	2	1	1	0	28	2196	0	1	0
359	2	1	87	0	28	549	0	1	1
1770	2	1	1	0	28	2196	0	1	0
360	1	11	58	0	28	549	0	1	0
1771	2	1	1	0	28	2196	0	1	0
360	2	11	58	0	28	549	0	1	1
1772	2	1	1	0	28	2196	0	1	0
1773	2	1	1	0	28	2196	0	1	0
1774	2	1	1	0	28	2196	0	1	0
361	1	15	12	0	28	549	0	1	0
361	2	15	12	0	28	549	0	1	1
1775	2	1	1	0	28	2196	0	1	0
1776	2	1	1	0	28	2196	0	1	0
362	1	6	91	0	28	549	0	1	0
362	2	6	91	0	28	549	0	1	1
1777	2	1	1	0	28	2196	0	1	0
1778	2	1	1	0	28	2196	0	1	0
1779	2	1	1	0	28	2196	0	1	0
1780	2	1	1	0	28	2196	0	1	0
363	1	10	63	0	28	549	0	1	0
363	2	10	63	0	28	549	0	1	1
1781	2	1	1	0	28	2196	0	1	0
364	1	5	20	0	28	549	0	1	0
1782	2	1	1	0	28	2196	0	1	0
364	2	5	20	0	28	549	0	1	1
1783	2	1	1	0	28	2196	0	1	0
1784	2	1	1	0	28	2196	0	1	0
1785	2	1	1	0	28	2196	0	1	0
365	1	13	94	0	28	549	0	1	0
365	2	13	94	0	28	549	0	1	1
1786	2	1	1	0	28	2196	0	1	0
1787	2	1	1	0	28	2196	0	1	0
1788	2	1	1	0	28	2196	0	1	0
366	1	3	96	0	28	549	0	1	0
366	2	3	96	0	28	549	0	1	1
1789	2	1	1	0	28	2196	0	1	0
1790	2	1	1	0	28	2196	0	1	0
1791	2	1	1	0	28	2196	0	1	0
367	1	8	71	0	28	549	0	1	0
367	2	8	71	0	28	549	0	1	1
1792	2	1	1	0	28	2196	0	1	0
1793	2	1	1	0	28	2196	0	1	0
368	1	7	29	0	28	549	0	1	0
368	2	7	29	0	28	549	0	1	1
1794	2	1	1	0	28	2196	0	1	0
1795	2	1	1	0	28	2196	0	1	0
1796	2	1	1	0	28	2196	0	1	0
369	1	4	78	0	28	549	0	1	0
1797	2	1	1	0	28	2196	0	1	0
369	2	4	78	0	28	549	0	1	1
1798	2	1	1	0	28	2196	0	1	0
370	1	9	39	0	28	549	0	1	0
1799	2	1	1	0	28	2196	0	1	0
370	2	9	39	0	28	549	0	1	1
1800	2	1	1	0	28	2196	0	1	0
1801	2	1	1	0	28	2196	0	1	0
1802	2	1	1	0	28	2196	0	1	0
371	1	12	82	0	28	549	0	1	0
371	2	12	82	0	28	549	0	1	1
1803	2	1	1	0	28	2196	0	1	0
1804	2	1	1	0	28	2196	0	1	0
372	1	2	50	0	28	549	0	1	0
372	2	2	50	0	28	549	0	1	1
1805	2	1	1	0	28	2196	0	1	0
1806	2	1	1	0	28	2196	0	1	0
1807	2	1	1	0	28	2196	0	1	0
373	1	14	1	0	28	549	0	1	0
373	2	14	1	0	28	549	0	1	1
1808	2	1	1	0	28	2196	0	1	0
1809	2	1	1	0	28	2196	0	1	0
374	1	1	87	0	28	549	0	1	0
374	2	1	87	0	28	549	0	1	1
1810	2	1	1	0	28	2196	0	1	0
1811	2	1	1	0	28	2196	0	1	0
1812	2	1	1	0	28	2196	0	1	0
1813	2	1	1	0	28	2196	0	1	0
375	1	11	58	0	28	549	0	1	0
375	2	11	58	0	28	549	0	1	1
1814	2	1	1	0	28	2196	0	1	0
376	1	15	12	0	28	549	0	1	0
1815	2	1	1	0	28	2196	0	1	0
376	2	15	12	0	28	549	0	1	1
1816	2	1	1	0	28	2196	0	1	0
1817	2	1	1	0	28	2196	0	1	0
1818	2	1	1	0	28	2196	0	1	0
377	1	6	91	0	28	549	0	1	0
377	2	6	91	0	28	549	0	1	1
1819	2	1	1	0	28	2196	0	1	0
1820	2	1	1	0	28	2196	0	1	0
378	1	10	63	0	28	549	0	1	0
378	2	10	63	0	28	549	0	1	1
1821	2	1	1	0	28	2196	0	1	0
1822	2	1	1	0	28	2196	0	1	0
1823	2	1	1	0	28	2196	0	1	0
379	1	5	20	0	28	549	0	1	0
379	2	5	20	0	28	549	0	1	1
1824	2	1	1	0	28	2196	0	1	0
1825	2	1	1	0	28	2196	0	1	0
380	1	13	94	0	28	549	0	1	0
380	2	13	94	0	28	549	0	1	1
1826	2	1	1	0	28	2196	0	1	0
1827	2	1	1	0	28	2196	0	1	0
1828	2	1	1	0	28	2196	0	1	0
1829	2	1	1	0	28	2196	0	1	0
381	1	3	96	0	28	549	0	1	0
381	2	3	96	0	28	549	0	1	1
1830	2	1	1	0	28	2196	0	1	0
1831	2	1	1	0	28	2196	0	1	0
382	1	8	71	0	28	549	0	1	0
382	2	8	71	0	28	549	0	1	1
1832	2	1	1	0	28	2196	0	1	0
1833	2	1	1	0	28	2196	0	1	0
1834	2	1	1	0	28	2196	0	1	0
1835	2	1	1	0	28	2196	0	1	0
383	1	7	29	0	28	549	0	1	0
383	2	7	29	0	28	549	0	1	1
1836	2	1	1	0	28	2196	0	1	0
1837	2	1	1	0	28	2196	0	1	0
384	1	4	78	0	28	549	0	1	0
384	2	4	78	0	28	549	0	1	1
1838	2	1	1	0	28	2196	0	1	0
1839	2	1	1	0	28	2196	0	1	0
1840	2	1	1	0	28	2196	0	1	0
385	1	9	39	0	28	549	0	1	0
385	2	9	39	0	28	549	0	1	1
1841	2	1	1	0	28	2196	0	1	0
1842	2	1	1	0	28	2196	0	1	0
386	1	12	82	0	28	549	0	1	0
386	2	12	82	0	28	549	0	1	1
1843	2	1	1	0	28	2196	0	1	0
1844	2	1	1	0	28	2196	0	1	0
1845	2	1	1	0	28	2196	0	1	0
387	1	2	50	0	28	549	0	1	0
387	2	2	50	0	28	549	0	1	1
1846	2	1	1	0	28	2196	0	1	0
1847	2	1	1	0	28	2196	0	1	0
388	1	14	1	0	28	549	0	1	0
388	2	14	1	0	28	549	0	1	1
1848	2	1	1	0	28	2196	0	1	0
1849	2	1	1	0	28	2196	0	1	0
1850	2	1	1	0	28	2196	0	1	0
389	1	1	87	0	28	549	0	1	0
1851	2	1	1	0	28	2196	0	1	0
389	2	1	87	0	28	549	0	1	1
1852	2	1	1	0	28	2196	0	1	0
390	1	11	58	0	28	549	0	1	0
390	2	11	58	0	28	549	0	1	1
1853	2	1	1	0	28	2196	0	1	0
1854	2	1	1	0	28	2196	0	1	0
1855	2	1	1	0	28	2196	0	1	0
1856	2	1	1	0	28	2196	0	1	0
391	1	15	12	0	28	549	0	1	0
391	2	15	12	0	28	549	0	1	1
1857	2	1	1	0	28	2196	0	1	0
1858	2	1	1	0	28	2196	0	1	0
392	1	6	91	0	28	549	0	1	0
392	2	6	91	0	28	549	0	1	1
1859	2	1	1	0	28	2196	0	1	0
1860	2	1	1	0	28	2196	0	1	0
1861	2	1	1	0	28	2196	0	1	0
393	1	10	63	0	28	549	0	1	0
393	2	10	63	0	28	549	0	1	1
1862	2	1	1	0	28	2196	0	1	0
1863	2	1	1	0	28	2196	0	1	0
394	1	5	20	0	28	549	0	1	0
394	2	5	20	0	28	549	0	1	1
1864	2	1	1	0	28	2196	0	1	0
1865	2	1	1	0	28	2196	0	1	0
1866	2	1	1	0	28	2196	0	1	0
395	1	13	94	0	28	549	0	1	0
395	2	13	94	0	28	549	0	1	1
1867	2	1	1	0	28	2196	0	1	0
1868	2	1	1	0	28	2196	0	1	0
396	1	3	96	0	28	549	0	1	0
396	2	3	96	0	28	549	0	1	1
1869	2	1	1	0	28	2196	0	1	0
1870	2	1	1	0	28	2196	0	1	0
1871	2	1	1	0	28	2196	0	1	0
397	1	8	71	0	28	549	0	1	0
1872	2	1	1	0	28	2196	0	1	0
397	2	8	71	0	28	549	0	1	1
1873	2	1	1	0	28	2196	0	1	0
398	1	7	29	0	28	549	0	1	0
398	2	7	29	0	28	549	0	1	1
1874	2	1	1	0	28	2196	0	1	0
1875	2	1	1	0	28	2196	0	1	0
1876	2	1	1	0	28	2196	0	1	0
1877	2	1	1	0	28	2196	0	1	0
399	1	4	78	0	28	549	0	1	0
399	2	4	78	0	28	549	0	1	1
1878	2	1	1	0	28	2196	0	1	0
1879	2	1	1	0	28	2196	0	1	0
400	1	9	39	0	28	549	0	1	0
400	2	9	39	0	28	549	0	1	1
1880	2	1	1	0	28	2196	0	1	0
1881	2	1	1	0	28	2196	0	1	0
1882	2	1	1	0	28	2196	0	1	0
1883	2	1	1	0	28	2196	0	1	0
401	1	12	82	0	28	549	0	1	0
401	2	12	82	0	28	549	0	1	1
1884	2	1	1	0	28	2196	0	1	0
1885	2	1	1	0	28	2196	0	1	0
402	1	2	50	0	28	549	0	1	0
402	2	2	50	0	28	549	0	1	1
1886	2	1	1	0	28	2196	0	1	0
1887	2	1	1	0	28	2196	0	1	0
1888	2	1	1	0	28	2196	0	1	0
403	1	14	1	0	28	549	0	1	0
403	2	14	1	0	28	549	0	1	1
1889	2	1	1	0	28	2196	0	1	0
1890	2	1	1	0	28	2196	0	1	0
404	1	1	87	0	28	549	0	1	0
404	2	1	87	0	28	549	0	1	1
1891	2	1	1	0	28	2196	0	1	0
1892	2	1	1	0	28	2196	0	1	0
1893	2	1	1	0	28	2196	0	1	0
405	1	11	58	0	28	549	0	1	0
405	2	11	58	0	28	549	0	1	1
1894	2	1	1	0	28	2196	0	1	0
1895	2	1	1	0	28	2196	0	1	0
406	1	15	12	0	28	549	0	1	0
406	2	15	12	0	28	549	0	1	1
1896	2	1	1	0	28	2196	0	1	0
1897	2	1	1	0	28	2196	0	1	0
1898	2	1	1	0	28	2196	0	1	0
407	1	6	91	0	28	549	0	1	0
1899	2	1	1	0	28	2196	0	1	0
407	2	6	91	0	28	549	0	1	1
1900	2	1	1	0	28	2196	0	1	0
408	1	10	63	0	28	549	0	1	0
408	2	10	63	0	28	549	0	1	1
1901	2	1	1	0	28	2196	0	1	0
1902	2	1	1	0	28	2196	0	1	0
1903	2	1	1	0	28	2196	0	1	0
1904	2	1	1	0	28	2196	0	1	0
409	1	5	20	0	28	549	0	1	0
409	2	5	20	0	28	549	0	1	1
1905	2	1	1	0	28	2196	0	1	0
1906	2	1	1	0	28	2196	0	1	0
410	1	13	94	0	28	549	0	1	0
410	2	13	94	0	28	549	0	1	1
1907	2	1	1	0	28	2196	0	1	0
1908	2	1	1	0	28	2196	0	1	0
1909	2	1	1	0	28	2196	0	1	0
411	1	3	96	0	28	549	0	1	0
1910	2	1	1	0	28	2196	0	1	0
411	2	3	96	0	28	549	0	1	1
1911	2	1	1	0	28	2196	0	1	0
1912	2	1	1	0	28	2196	0	1	0
412	1	8	71	0	28	549	0	1	0
412	2	8	71	0	28	549	0	1	1
1913	2	1	1	0	28	2196	0	1	0
1914	2	1	1	0	28	2196	0	1	0
1915	2	1	1	0	28	2196	0	1	0
413	1	7	29	0	28	549	0	1	0
413	2	7	29	0	28	549	0	1	1
1916	2	1	1	0	28	2196	0	1	0
1917	2	1	1	0	28	2196	0	1	0
414	1	4	78	0	28	549	0	1	0
414	2	4	78	0	28	549	0	1	1
1918	2	1	1	0	28	2196	0	1	0
1919	2	1	1	0	28	2196	0	1	0
1920	2	1	1	0	28	2196	0	1	0
1921	2	1	1	0	28	2196	0	1	0
415	1	9	39	0	28	549	0	1	0
415	2	9	39	0	28	549	0	1	1
1922	2	1	1	0	28	2196	0	1	0
1923	2	1	1	0	28	2196	0	1	0
416	1	12	82	0	28	549	0	1	0
416	2	12	82	0	28	549	0	1	1
1924	2	1	1	0	28	2196	0	1	0
1925	2	1	1	0	28	2196	0	1	0
1926	2	1	1	0	28	2196	0	1	0
417	1	2	50	0	28	549	0	1	0
417	2	2	50	0	28	549	0	1	1
1927	2	1	1	0	28	2196	0	1	0
1928	2	1	1	0	28	2196	0	1	0
418	1	14	1	0	28	549	0	1	0
418	2	14	1	0	28	549	0	1	1
1929	2	1	1	0	28	2196	0	1	0
1930	2	1	1	0	28	2196	0	1	0
1931	2	1	1	0	28	2196	0	1	0
419	1	1	87	0	28	549	0	1	0
419	2	1	87	0	28	549	0	1	1
1932	2	1	1	0	28	2196	0	1	0
1933	2	1	1	0	28	2196	0	1	0
420	1	11	58	0	28	549	0	1	0
420	2	11	58	0	28	549	0	1	1
1934	2	1	1	0	28	2196	0	1	0
1935	2	1	1	0	28	2196	0	1	0
1936	2	1	1	0	28	2196	0	1	0
421	1	15	12	0	28	549	0	1	0
1937	2	1	1	0	28	2196	0	1	0
421	2	15	12	0	28	549	0	1	1
1938	2	1	1	0	28	2196	0	1	0
422	1	6	91	0	28	549	0	1	0
1939	2	1	1	0	28	2196	0	1	0
422	2	6	91	0	28	549	0	1	1
1940	2	1	1	0	28	2196	0	1	0
1941	2	1	1	0	28	2196	0	1	0
1942	2	1	1	0	28	2196	0	1	0
423	1	10	63	0	28	549	0	1	0
423	2	10	63	0	28	549	0	1	1
1943	2	1	1	0	28	2196	0	1	0
1944	2	1	1	0	28	2196	0	1	0
424	1	5	20	0	28	549	0	1	0
424	2	5	20	0	28	549	0	1	1
1945	2	1	1	0	28	2196	0	1	0
1946	2	1	1	0	28	2196	0	1	0
1947	2	1	1	0	28	2196	0	1	0
1948	2	1	1	0	28	2196	0	1	0
425	1	13	94	0	28	549	0	1	0
425	2	13	94	0	28	549	0	1	1
1949	2	1	1	0	28	2196	0	1	0
1950	2	1	1	0	28	2196	0	1	0
426	1	3	96	0	28	549	0	1	0
426	2	3	96	0	28	549	0	1	1
1951	2	1	1	0	28	2196	0	1	0
1952	2	1	1	0	28	2196	0	1	0
1953	2	1	1	0	28	2196	0	1	0
427	1	8	71	0	28	549	0	1	0
427	2	8	71	0	28	549	0	1	1
1954	2	1	1	0	28	2196	0	1	0
1955	2	1	1	0	28	2196	0	1	0
428	1	7	29	0	28	549	0	1	0
428	2	7	29	0	28	549	0	1	1
1956	2	1	1	0	28	2196	0	1	0
1957	2	1	1	0	28	2196	0	1	0
1958	2	1	1	0	28	2196	0	1	0
1959	2	1	1	0	28	2196	0	1	0
429	1	4	78	0	28	549	0	1	0
429	2	4	78	0	28	549	0	1	1
1960	2	1	1	0	28	2196	0	1	0
1961	2	1	1	0	28	2196	0	1	0
430	1	9	39	0	28	549	0	1	0
430	2	9	39	0	28	549	0	1	1
1962	2	1	1	0	28	2196	0	1	0
1963	2	1	1	0	28	2196	0	1	0
1964	2	1	1	0	28	2196	0	1	0
431	1	12	82	0	28	549	0	1	0
1965	2	1	1	0	28	2196	0	1	0
431	2	12	82	0	28	549	0	1	1
1966	2	1	1	0	28	2196	0	1	0
1967	2	1	1	0	28	2196	0	1	0
432	1	2	50	0	28	549	0	1	0
432	2	2	50	0	28	549	0	1	1
1968	2	1	1	0	28	2196	0	1	0
1969	2	1	1	0	28	2196	0	1	0
1970	2	1	1	0	28	2196	0	1	0
433	1	14	1	0	28	549	0	1	0
433	2	14	1	0	28	549	0	1	1
1971	2	1	1	0	28	2196	0	1	0
1972	2	1	1	0	28	2196	0	1	0
434	1	1	87	0	28	549	0	1	0
434	2	1	87	0	28	549	0	1	1
1973	2	1	1	0	28	2196	0	1	0
1974	2	1	1	0	28	2196	0	1	0
1975	2	1	1	0	28	2196	0	1	0
435	1	11	58	0	28	549	0	1	0
1976	2	1	1	0	28	2196	0	1	0
435	2	11	58	0	28	549	0	1	1
1977	2	1	1	0	28	2196	0	1	0
436	1	15	12	0	28	549	0	1	0
436	2	15	12	0	28	549	0	1	1
1978	2	1	1	0	28	2196	0	1	0
1979	2	1	1	0	28	2196	0	1	0
1980	2	1	1	0	28	2196	0	1	0
1981	2	1	1	0	28	2196	0	1	0
437	1	6	91	0	28	549	0	1	0
437	2	6	91	0	28	549	0	1	1
1982	2	1	1	0	28	2196	0	1	0
1983	2	1	1	0	28	2196	0	1	0
438	1	10	63	0	28	549	0	1	0
438	2	10	63	0	28	549	0	1	1
1984	2	1	1	0	28	2196	0	1	0
1985	2	1	1	0	28	2196	0	1	0
1986	2	1	1	0	28	2196	0	1	0
1987	2	1	1	0	28	2196	0	1	0
439	1	5	20	0	28	549	0	1	0
439	2	5	20	0	28	549	0	1	1
1988	2	1	1	0	28	2196	0	1	0
1989	2	1	1	0	28	2196	0	1	0
440	1	13	94	0	28	549	0	1	0
440	2	13	94	0	28	549	0	1	1
1990	2	1	1	0	28	2196	0	1	0
1991	2	1	1	0	28	2196	0	1	0
1992	2	1	1	0	28	2196	0	1	0
441	1	3	96	0	28	549	0	1	0
441	2	3	96	0	28	549	0	1	1
1993	2	1	1	0	28	2196	0	1	0
1994	2	1	1	0	28	2196	0	1	0
442	1	8	71	0	28	549	0	1	0
442	2	8	71	0	28	549	0	1	1
1995	2	1	1	0	28	2196	0	1	0
1996	2	1	1	0	28	2196	0	1	0
1997	2	1	1	0	28	2196	0	1	0
443	1	7	29	0	28	549	0	1	0
443	2	7	29	0	28	549	0	1	1
1998	2	1	1	0	28	2196	0	1	0
1999	2	1	1	0	28	2196	0	1	0
444	1	4	78	0	28	549	0	1	0
444	2	4	78	0	28	549	0	1	1
445	1	9	39	0	28	549	0	1	0
445	2	9	39	0	28	549	0	1	1
446	1	12	82	0	28	549	0	1	0
446	2	12	82	0	28	549	0	1	1
447	1	2	50	0	28	549	0	1	0
447	2	2	50	0	28	549	0	1	1
448	1	14	1	0	28	549	0	1	0
448	2	14	1	0	28	549	0	1	1
449	1	1	87	0	28	549	0	1	0
449	2	1	87	0	28	549	0	1	1
450	1	11	58	0	28	549	0	1	0
450	2	11	58	0	28	549	0	1	1
451	1	15	12	0	28	549	0	1	0
451	2	15	12	0	28	549	0	1	1
452	1	6	91	0	28	549	0	1	0
452	2	6	91	0	28	549	0	1	1
453	1	10	63	0	28	549	0	1	0
453	2	10	63	0	28	549	0	1	1
454	1	5	20	0	28	549	0	1	0
454	2	5	20	0	28	549	0	1	1
455	1	13	94	0	28	549	0	1	0
455	2	13	94	0	28	549	0	1	1
456	1	3	96	0	28	549	0	1	0
456	2	3	96	0	28	549	0	1	1
457	1	8	71	0	28	549	0	1	0
457	2	8	71	0	28	549	0	1	1
458	1	7	29	0	28	549	0	1	0
458	2	7	29	0	28	549	0	1	1
459	1	4	78	0	28	549	0	1	0
459	2	4	78	0	28	549	0	1	1
460	1	9	39	0	28	549	0	1	0
460	2	9	39	0	28	549	0	1	1
461	1	12	82	0	28	549	0	1	0
461	2	12	82	0	28	549	0	1	1
462	1	2	50	0	28	549	0	1	0
462	2	2	50	0	28	549	0	1	1
463	1	14	1	0	28	549	0	1	0
463	2	14	1	0	28	549	0	1	1
464	1	1	87	0	28	549	0	1	0
464	2	1	87	0	28	549	0	1	1
465	1	11	58	0	28	549	0	1	0
465	2	11	58	0	28	549	0	1	1
466	1	15	12	0	28	549	0	1	0
466	2	15	12	0	28	549	0	1	1
467	1	6	91	0	28	549	0	1	0
467	2	6	91	0	28	549	0	1	1
468	1	10	63	0	28	549	0	1	0
468	2	10	63	0	28	549	0	1	1
469	1	5	20	0	28	549	0	1	0
469	2	5	20	0	28	549	0	1	1
470	1	13	94	0	28	549	0	1	0
470	2	13	94	0	28	549	0	1	1
471	1	3	96	0	28	549	0	1	0
471	2	3	96	0	28	549	0	1	1
472	1	8	71	0	28	549	0	1	0
472	2	8	71	0	28	549	0	1	1
473	1	7	29	0	28	549	0	1	0
473	2	7	29	0	28	549	0	1	1
474	1	4	78	0	28	549	0	1	0
474	2	4	78	0	28	549	0	1	1
475	1	9	39	0	28	549	0	1	0
475	2	9	39	0	28	549	0	1	1
476	1	12	82	0	28	549	0	1	0
476	2	12	82	0	28	549	0	1	1
477	1	2	50	0	28	549	0	1	0
477	2	2	50	0	28	549	0	1	1
478	1	14	1	0	28	549	0	1	0
478	2	14	1	0	28	549	0	1	1
479	1	1	87	0	28	549	0	1	0
479	2	1	87	0	28	549	0	1	1
480	1	11	58	0	28	549	0	1	0
480	2	11	58	0	28	549	0	1	1
481	1	15	12	0	28	549	0	1	0
481	2	15	12	0	28	549	0	1	1
482	1	6	91	0	28	549	0	1	0
482	2	6	91	0	28	549	0	1	1
483	1	10	63	0	28	549	0	1	0
483	2	10	63	0	28	549	0	1	1
484	1	5	20	0	28	549	0	1	0
484	2	5	20	0	28	549	0	1	1
485	1	13	94	0	28	549	0	1	0
485	2	13	94	0	28	549	0	1	1
486	1	3	96	0	28	549	0	1	0
486	2	3	96	0	28	549	0	1	1
487	1	8	71	0	28	549	0	1	0
487	2	8	71	0	28	549	0	1	1
488	1	7	29	0	28	549	0	1	0
488	2	7	29	0	28	549	0	1	1
489	1	4	78	0	28	549	0	1	0
489	2	4	78	0	28	549	0	1	1
490	1	9	39	0	28	549	0	1	0
490	2	9	39	0	28	549	0	1	1
491	1	12	82	0	28	549	0	1	0
491	2	12	82	0	28	549	0	1	1
492	1	2	50	0	28	549	0	1	0
492	2	2	50	0	28	549	0	1	1
493	1	14	1	0	28	549	0	1	0
493	2	14	1	0	28	549	0	1	1
494	1	1	87	0	28	549	0	1	0
494	2	1	87	0	28	549	0	1	1
495	1	11	58	0	28	549	0	1	0
495	2	11	58	0	28	549	0	1	1
496	1	15	12	0	28	549	0	1	0
496	2	15	12	0	28	549	0	1	1
497	1	6	91	0	28	549	0	1	0
497	2	6	91	0	28	549	0	1	1
498	1	10	63	0	28	549	0	1	0
498	2	10	63	0	28	549	0	1	1
499	1	5	20	0	28	549	0	1	0
499	2	5	20	0	28	549	0	1	1
500	1	13	94	0	28	549	0	1	0
500	2	13	94	0	28	549	0	1	1
501	1	3	96	0	28	549	0	1	0
501	2	3	96	0	28	549	0	1	1
502	1	8	71	0	28	549	0	1	0
502	2	8	71	0	28	549	0	1	1
503	1	7	29	0	28	549	0	1	0
503	2	7	29	0	28	549	0	1	1
504	1	4	78	0	28	549	0	1	0
504	2	4	78	0	28	549	0	1	1
505	1	9	39	0	28	549	0	1	0
505	2	9	39	0	28	549	0	1	1
506	1	12	82	0	28	549	0	1	0
506	2	12	82	0	28	549	0	1	1
507	1	2	50	0	28	549	0	1	0
507	2	2	50	0	28	549	0	1	1
508	1	14	1	0	28	549	0	1	0
508	2	14	1	0	28	549	0	1	1
509	1	1	87	0	28	549	0	1	0
509	2	1	87	0	28	549	0	1	1
510	1	11	58	0	28	549	0	1	0
510	2	11	58	0	28	549	0	1	1
511	1	15	12	0	28	549	0	1	0
511	2	15	12	0	28	549	0	1	1
512	1	6	91	0	28	549	0	1	0
512	2	6	91	0	28	549	0	1	1
513	1	10	63	0	28	549	0	1	0
513	2	10	63	0	28	549	0	1	1
514	1	5	20	0	28	549	0	1	0
514	2	5	20	0	28	549	0	1	1
515	1	13	94	0	28	549	0	1	0
515	2	13	94	0	28	549	0	1	1
516	1	3	96	0	28	549	0	1	0
516	2	3	96	0	28	549	0	1	1
517	1	8	71	0	28	549	0	1	0
517	2	8	71	0	28	549	0	1	1
518	1	7	29	0	28	549	0	1	0
518	2	7	29	0	28	549	0	1	1
519	1	4	78	0	28	549	0	1	0
519	2	4	78	0	28	549	0	1	1
520	1	9	39	0	28	549	0	1	0
520	2	9	39	0	28	549	0	1	1
521	1	12	82	0	28	549	0	1	0
521	2	12	82	0	28	549	0	1	1
522	1	2	50	0	28	549	0	1	0
522	2	2	50	0	28	549	0	1	1
523	1	14	1	0	28	549	0	1	0
523	2	14	1	0	28	549	0	1	1
524	1	1	87	0	28	549	0	1	0
524	2	1	87	0	28	549	0	1	1
525	1	11	58	0	28	549	0	1	0
525	2	11	58	0	28	549	0	1	1
526	1	15	12	0	28	549	0	1	0
526	2	15	12	0	28	549	0	1	1
527	1	6	91	0	28	549	0	1	0
527	2	6	91	0	28	549	0	1	1
528	1	10	63	0	28	549	0	1	0
528	2	10	63	0	28	549	0	1	1
529	1	5	20	0	28	549	0	1	0
529	2	5	20	0	28	549	0	1	1
530	1	13	94	0	28	549	0	1	0
530	2	13	94	0	28	549	0	1	1
531	1	3	96	0	28	549	0	1	0
531	2	3	96	0	28	549	0	1	1
532	1	8	71	0	28	549	0	1	0
532	2	8	71	0	28	549	0	1	1
533	1	7	29	0	28	549	0	1	0
533	2	7	29	0	28	549	0	1	1
534	1	4	78	0	28	549	0	1	0
534	2	4	78	0	28	549	0	1	1
535	1	9	39	0	28	549	0	1	0
535	2	9	39	0	28	549	0	1	1
536	1	12	82	0	28	549	0	1	0
536	2	12	82	0	28	549	0	1	1
537	1	2	50	0	28	549	0	1	0
537	2	2	50	0	28	549	0	1	1
538	1	14	1	0	28	549	0	1	0
538	2	14	1	0	28	549	0	1	1
539	1	1	87	0	28	549	0	1	0
539	2	1	87	0	28	549	0	1	1
540	1	11	58	0	28	549	0	1	0
540	2	11	58	0	28	549	0	1	1
541	1	15	12	0	28	549	0	1	0
541	2	15	12	0	28	549	0	1	1
542	1	6	91	0	28	549	0	1	0
542	2	6	91	0	28	549	0	1	1
543	1	10	63	0	28	549	0	1	0
543	2	10	63	0	28	549	0	1	1
544	1	5	20	0	28	549	0	1	0
544	2	5	20	0	28	549	0	1	1
545	1	13	94	0	28	549	0	1	0
545	2	13	94	0	28	549	0	1	1
546	1	3	96	0	28	549	0	1	0
546	2	3	96	0	28	549	0	1	1
547	1	8	71	0	28	549	0	1	0
547	2	8	71	0	28	549	0	1	1
548	1	7	29	0	28	549	0	1	0
548	2	7	29	0	28	549	0	1	1
549	1	4	78	0	28	549	0	1	0
549	2	4	78	0	28	549	0	1	1
550	1	9	39	0	28	549	0	1	0
550	2	9	39	0	28	549	0	1	1
551	1	12	82	0	28	549	0	1	0
551	2	12	82	0	28	549	0	1	1
552	1	2	50	0	28	549	0	1	0
552	2	2	50	0	28	549	0	1	1
553	1	14	1	0	28	549	0	1	0
553	2	14	1	0	28	549	0	1	1
554	1	1	87	0	28	549	0	1	0
554	2	1	87	0	28	549	0	1	1
555	1	11	58	0	28	549	0	1	0
555	2	11	58	0	28	549	0	1	1
556	1	15	12	0	28	549	0	1	0
556	2	15	12	0	28	549	0	1	1
557	1	6	91	0	28	549	0	1	0
557	2	6	91	0	28	549	0	1	1
558	1	10	63	0	28	549	0	1	0
558	2	10	63	0	28	549	0	1	1
559	1	5	20	0	28	549	0	1	0
559	2	5	20	0	28	549	0	1	1
560	1	13	94	0	28	549	0	1	0
560	2	13	94	0	28	549	0	1	1
561	1	3	96	0	28	549	0	1	0
561	2	3	96	0	28	549	0	1	1
562	1	8	71	0	28	549	0	1	0
562	2	8	71	0	28	549	0	1	1
563	1	7	29	0	28	549	0	1	0
563	2	7	29	0	28	549	0	1	1
564	1	4	78	0	28	549	0	1	0
564	2	4	78	0	28	549	0	1	1
565	1	9	39	0	28	549	0	1	0
565	2	9	39	0	28	549	0	1	1
566	1	12	82	0	28	549	0	1	0
566	2	12	82	0	28	549	0	1	1
567	1	2	50	0	28	549	0	1	0
567	2	2	50	0	28	549	0	1	1
568	1	14	1	0	28	549	0	1	0
568	2	14	1	0	28	549	0	1	1
569	1	1	87	0	28	549	0	1	0
569	2	1	87	0	28	549	0	1	1
570	1	11	58	0	28	549	0	1	0
570	2	11	58	0	28	549	0	1	1
571	1	15	12	0	28	549	0	1	0
571	2	15	12	0	28	549	0	1	1
572	1	6	91	0	28	549	0	1	0
572	2	6	91	0	28	549	0	1	1
573	1	10	63	0	28	549	0	1	0
573	2	10	63	0	28	549	0	1	1
574	1	5	20	0	28	549	0	1	0
574	2	5	20	0	28	549	0	1	1
575	1	13	94	0	28	549	0	1	0
575	2	13	94	0	28	549	0	1	1
576	1	3	96	0	28	549	0	1	0
576	2	3	96	0	28	549	0	1	1
577	1	8	71	0	28	549	0	1	0
577	2	8	71	0	28	549	0	1	1
578	1	7	29	0	28	549	0	1	0
578	2	7	29	0	28	549	0	1	1
579	1	4	78	0	28	549	0	1	0
579	2	4	78	0	28	549	0	1	1
580	1	9	39	0	28	549	0	1	0
580	2	9	39	0	28	549	0	1	1
581	1	12	82	0	28	549	0	1	0
581	2	12	82	0	28	549	0	1	1
582	1	2	50	0	28	549	0	1	0
582	2	2	50	0	28	549	0	1	1
583	1	14	1	0	28	549	0	1	0
583	2	14	1	0	28	549	0	1	1
584	1	1	87	0	28	549	0	1	0
584	2	1	87	0	28	549	0	1	1
585	1	11	58	0	28	549	0	1	0
585	2	11	58	0	28	549	0	1	1
586	1	15	12	0	28	549	0	1	0
586	2	15	12	0	28	549	0	1	1
587	1	6	91	0	28	549	0	1	0
587	2	6	91	0	28	549	0	1	1
588	1	10	63	0	28	549	0	1	0
588	2	10	63	0	28	549	0	1	1
589	1	5	20	0	28	549	0	1	0
589	2	5	20	0	28	549	0	1	1
590	1	13	94	0	28	549	0	1	0
590	2	13	94	0	28	549	0	1	1
591	1	3	96	0	28	549	0	1	0
591	2	3	96	0	28	549	0	1	1
592	1	8	71	0	28	549	0	1	0
592	2	8	71	0	28	549	0	1	1
593	1	7	29	0	28	549	0	1	0
593	2	7	29	0	28	549	0	1	1
594	1	4	78	0	28	549	0	1	0
594	2	4	78	0	28	549	0	1	1
595	1	9	39	0	28	549	0	1	0
595	2	9	39	0	28	549	0	1	1
596	1	12	82	0	28	549	0	1	0
596	2	12	82	0	28	549	0	1	1
597	1	2	50	0	28	549	0	1	0
597	2	2	50	0	28	549	0	1	1
598	1	14	1	0	28	549	0	1	0
598	2	14	1	0	28	549	0	1	1
599	1	1	87	0	28	549	0	1	0
599	2	1	87	0	28	549	0	1	1
600	1	11	58	0	28	549	0	1	0
600	2	11	58	0	28	549	0	1	1
601	1	15	12	0	28	549	0	1	0
601	2	15	12	0	28	549	0	1	1
602	1	6	91	0	28	549	0	1	0
602	2	6	91	0	28	549	0	1	1
603	1	10	63	0	28	549	0	1	0
603	2	10	63	0	28	549	0	1	1
604	1	5	20	0	28	549	0	1	0
604	2	5	20	0	28	549	0	1	1
605	1	13	94	0	28	549	0	1	0
605	2	13	94	0	28	549	0	1	1
606	1	3	96	0	28	549	0	1	0
606	2	3	96	0	28	549	0	1	1
607	1	8	71	0	28	549	0	1	0
607	2	8	71	0	28	549	0	1	1
608	1	7	29	0	28	549	0	1	0
608	2	7	29	0	28	549	0	1	1
609	1	4	78	0	28	549	0	1	0
609	2	4	78	0	28	549	0	1	1
610	1	9	39	0	28	549	0	1	0
610	2	9	39	0	28	549	0	1	1
611	1	12	82	0	28	549	0	1	0
611	2	12	82	0	28	549	0	1	1
612	1	2	50	0	28	549	0	1	0
612	2	2	50	0	28	549	0	1	1
613	1	14	1	0	28	549	0	1	0
613	2	14	1	0	28	549	0	1	1
614	1	1	87	0	28	549	0	1	0
614	2	1	87	0	28	549	0	1	1
615	1	11	58	0	28	549	0	1	0
615	2	11	58	0	28	549	0	1	1
616	1	15	12	0	28	549	0	1	0
616	2	15	12	0	28	549	0	1	1
617	1	6	91	0	28	549	0	1	0
617	2	6	91	0	28	549	0	1	1
618	1	10	63	0	28	549	0	1	0
618	2	10	63	0	28	549	0	1	1
619	1	5	20	0	28	549	0	1	0
619	2	5	20	0	28	549	0	1	1
620	1	13	94	0	28	549	0	1	0
620	2	13	94	0	28	549	0	1	1
621	1	3	96	0	28	549	0	1	0
621	2	3	96	0	28	549	0	1	1
622	1	8	71	0	28	549	0	1	0
622	2	8	71	0	28	549	0	1	1
623	1	7	29	0	28	549	0	1	0
623	2	7	29	0	28	549	0	1	1
624	1	4	78	0	28	549	0	1	0
624	2	4	78	0	28	549	0	1	1
625	1	9	39	0	28	549	0	1	0
625	2	9	39	0	28	549	0	1	1
626	1	12	82	0	28	549	0	1	0
626	2	12	82	0	28	549	0	1	1
627	1	2	50	0	28	549	0	1	0
627	2	2	50	0	28	549	0	1	1
628	1	14	1	0	28	549	0	1	0
628	2	14	1	0	28	549	0	1	1
629	1	1	87	0	28	549	0	1	0
629	2	1	87	0	28	549	0	1	1
630	1	11	58	0	28	549	0	1	0
630	2	11	58	0	28	549	0	1	1
631	1	15	12	0	28	549	0	1	0
631	2	15	12	0	28	549	0	1	1
632	1	6	91	0	28	549	0	1	0
632	2	6	91	0	28	549	0	1	1
633	1	10	63	0	28	549	0	1	0
633	2	10	63	0	28	549	0	1	1
634	1	5	20	0	28	549	0	1	0
634	2	5	20	0	28	549	0	1	1
635	1	13	94	0	28	549	0	1	0
635	2	13	94	0	28	549	0	1	1
636	1	3	96	0	28	549	0	1	0
636	2	3	96	0	28	549	0	1	1
637	1	8	71	0	28	549	0	1	0
637	2	8	71	0	28	549	0	1	1
638	1	7	29	0	28	549	0	1	0
638	2	7	29	0	28	549	0	1	1
639	1	4	78	0	28	549	0	1	0
639	2	4	78	0	28	549	0	1	1
640	1	9	39	0	28	549	0	1	0
640	2	9	39	0	28	549	0	1	1
641	1	12	82	0	28	549	0	1	0
641	2	12	82	0	28	549	0	1	1
642	1	2	50	0	28	549	0	1	0
642	2	2	50	0	28	549	0	1	1
643	1	14	1	0	28	549	0	1	0
643	2	14	1	0	28	549	0	1	1
644	1	1	87	0	28	549	0	1	0
644	2	1	87	0	28	549	0	1	1
645	1	11	58	0	28	549	0	1	0
645	2	11	58	0	28	549	0	1	1
646	1	15	12	0	28	549	0	1	0
646	2	15	12	0	28	549	0	1	1
647	1	6	91	0	28	549	0	1	0
647	2	6	91	0	28	549	0	1	1
648	1	10	63	0	28	549	0	1	0
648	2	10	63	0	28	549	0	1	1
649	1	5	20	0	28	549	0	1	0
649	2	5	20	0	28	549	0	1	1
650	1	13	94	0	28	549	0	1	0
650	2	13	94	0	28	549	0	1	1
651	1	3	96	0	28	549	0	1	0
651	2	3	96	0	28	549	0	1	1
652	1	8	71	0	28	549	0	1	0
652	2	8	71	0	28	549	0	1	1
653	1	7	29	0	28	549	0	1	0
653	2	7	29	0	28	549	0	1	1
654	1	4	78	0	28	549	0	1	0
654	2	4	78	0	28	549	0	1	1
655	1	9	39	0	28	549	0	1	0
655	2	9	39	0	28	549	0	1	1
656	1	12	82	0	28	549	0	1	0
656	2	12	82	0	28	549	0	1	1
657	1	2	50	0	28	549	0	1	0
657	2	2	50	0	28	549	0	1	1
658	1	14	1	0	28	549	0	1	0
658	2	14	1	0	28	549	0	1	1
659	1	1	87	0	28	549	0	1	0
659	2	1	87	0	28	549	0	1	1
660	1	11	58	0	28	549	0	1	0
660	2	11	58	0	28	549	0	1	1
661	1	15	12	0	28	549	0	1	0
661	2	15	12	0	28	549	0	1	1
662	1	6	91	0	28	549	0	1	0
662	2	6	91	0	28	549	0	1	1
663	1	10	63	0	28	549	0	1	0
663	2	10	63	0	28	549	0	1	1
664	1	5	20	0	28	549	0	1	0
664	2	5	20	0	28	549	0	1	1
665	1	13	94	0	28	549	0	1	0
665	2	13	94	0	28	549	0	1	1
666	1	3	96	0	28	549	0	1	0
666	2	3	96	0	28	549	0	1	1
667	1	8	71	0	28	549	0	1	0
667	2	8	71	0	28	549	0	1	1
668	1	7	29	0	28	549	0	1	0
668	2	7	29	0	28	549	0	1	1
669	1	4	78	0	28	549	0	1	0
669	2	4	78	0	28	549	0	1	1
670	1	9	39	0	28	549	0	1	0
670	2	9	39	0	28	549	0	1	1
671	1	12	82	0	28	549	0	1	0
671	2	12	82	0	28	549	0	1	1
672	1	2	50	0	28	549	0	1	0
672	2	2	50	0	28	549	0	1	1
673	1	14	1	0	28	549	0	1	0
673	2	14	1	0	28	549	0	1	1
674	1	1	87	0	28	549	0	1	0
674	2	1	87	0	28	549	0	1	1
675	1	11	58	0	28	549	0	1	0
675	2	11	58	0	28	549	0	1	1
676	1	15	12	0	28	549	0	1	0
676	2	15	12	0	28	549	0	1	1
677	1	6	91	0	28	549	0	1	0
677	2	6	91	0	28	549	0	1	1
678	1	10	63	0	28	549	0	1	0
678	2	10	63	0	28	549	0	1	1
679	1	5	20	0	28	549	0	1	0
679	2	5	20	0	28	549	0	1	1
680	1	13	94	0	28	549	0	1	0
680	2	13	94	0	28	549	0	1	1
681	1	3	96	0	28	549	0	1	0
681	2	3	96	0	28	549	0	1	1
682	1	8	71	0	28	549	0	1	0
682	2	8	71	0	28	549	0	1	1
683	1	7	29	0	28	549	0	1	0
683	2	7	29	0	28	549	0	1	1
684	1	4	78	0	28	549	0	1	0
684	2	4	78	0	28	549	0	1	1
685	1	9	39	0	28	549	0	1	0
685	2	9	39	0	28	549	0	1	1
686	1	12	82	0	28	549	0	1	0
686	2	12	82	0	28	549	0	1	1
687	1	2	50	0	28	549	0	1	0
687	2	2	50	0	28	549	0	1	1
688	1	14	1	0	28	549	0	1	0
688	2	14	1	0	28	549	0	1	1
689	1	1	87	0	28	549	0	1	0
689	2	1	87	0	28	549	0	1	1
690	1	11	58	0	28	549	0	1	0
690	2	11	58	0	28	549	0	1	1
691	1	15	12	0	28	549	0	1	0
691	2	15	12	0	28	549	0	1	1
692	1	6	91	0	28	549	0	1	0
692	2	6	91	0	28	549	0	1	1
693	1	10	63	0	28	549	0	1	0
693	2	10	63	0	28	549	0	1	1
694	1	5	20	0	28	549	0	1	0
694	2	5	20	0	28	549	0	1	1
695	1	13	94	0	28	549	0	1	0
695	2	13	94	0	28	549	0	1	1
696	1	3	96	0	28	549	0	1	0
696	2	3	96	0	28	549	0	1	1
697	1	8	71	0	28	549	0	1	0
697	2	8	71	0	28	549	0	1	1
698	1	7	29	0	28	549	0	1	0
698	2	7	29	0	28	549	0	1	1
699	1	4	78	0	28	549	0	1	0
699	2	4	78	0	28	549	0	1	1
700	1	9	39	0	28	549	0	1	0
700	2	9	39	0	28	549	0	1	1
701	1	12	82	0	28	549	0	1	0
701	2	12	82	0	28	549	0	1	1
702	1	2	50	0	28	549	0	1	0
702	2	2	50	0	28	549	0	1	1
703	1	14	1	0	28	549	0	1	0
703	2	14	1	0	28	549	0	1	1
704	1	1	87	0	28	549	0	1	0
704	2	1	87	0	28	549	0	1	1
705	1	11	58	0	28	549	0	1	0
705	2	11	58	0	28	549	0	1	1
706	1	15	12	0	28	549	0	1	0
706	2	15	12	0	28	549	0	1	1
707	1	6	91	0	28	549	0	1	0
707	2	6	91	0	28	549	0	1	1
708	1	10	63	0	28	549	0	1	0
708	2	10	63	0	28	549	0	1	1
709	1	5	20	0	28	549	0	1	0
709	2	5	20	0	28	549	0	1	1
710	1	13	94	0	28	549	0	1	0
710	2	13	94	0	28	549	0	1	1
711	1	3	96	0	28	549	0	1	0
711	2	3	96	0	28	549	0	1	1
712	1	8	71	0	28	549	0	1	0
712	2	8	71	0	28	549	0	1	1
713	1	7	29	0	28	549	0	1	0
713	2	7	29	0	28	549	0	1	1
714	1	4	78	0	28	549	0	1	0
714	2	4	78	0	28	549	0	1	1
715	1	9	39	0	28	549	0	1	0
715	2	9	39	0	28	549	0	1	1
716	1	12	82	0	28	549	0	1	0
716	2	12	82	0	28	549	0	1	1
717	1	2	50	0	28	549	0	1	0
717	2	2	50	0	28	549	0	1	1
718	1	14	1	0	28	549	0	1	0
718	2	14	1	0	28	549	0	1	1
719	1	1	87	0	28	549	0	1	0
719	2	1	87	0	28	549	0	1	1
720	1	11	58	0	28	549	0	1	0
720	2	11	58	0	28	549	0	1	1
721	1	15	12	0	28	549	0	1	0
721	2	15	12	0	28	549	0	1	1
722	1	6	91	0	28	549	0	1	0
722	2	6	91	0	28	549	0	1	1
723	1	10	63	0	28	549	0	1	0
723	2	10	63	0	28	549	0	1	1
724	1	5	20	0	28	549	0	1	0
724	2	5	20	0	28	549	0	1	1
725	1	13	94	0	28	549	0	1	0
725	2	13	94	0	28	549	0	1	1
726	1	3	96	0	28	549	0	1	0
726	2	3	96	0	28	549	0	1	1
727	1	8	71	0	28	549	0	1	0
727	2	8	71	0	28	549	0	1	1
728	1	7	29	0	28	549	0	1	0
728	2	7	29	0	28	549	0	1	1
729	1	4	78	0	28	549	0	1	0
729	2	4	78	0	28	549	0	1	1
730	1	9	39	0	28	549	0	1	0
730	2	9	39	0	28	549	0	1	1
731	1	12	82	0	28	549	0	1	0
731	2	12	82	0	28	549	0	1	1
732	1	2	50	0	28	549	0	1	0
732	2	2	50	0	28	549	0	1	1
733	1	14	1	0	28	549	0	1	0
733	2	14	1	0	28	549	0	1	1
734	1	1	87	0	28	549	0	1	0
734	2	1	87	0	28	549	0	1	1
735	1	11	58	0	28	549	0	1	0
735	2	11	58	0	28	549	0	1	1
736	1	15	12	0	28	549	0	1	0
736	2	15	12	0	28	549	0	1	1
737	1	6	91	0	28	549	0	1	0
737	2	6	91	0	28	549	0	1	1
738	1	10	63	0	28	549	0	1	0
738	2	10	63	0	28	549	0	1	1
739	1	5	20	0	28	549	0	1	0
739	2	5	20	0	28	549	0	1	1
740	1	13	94	0	28	549	0	1	0
740	2	13	94	0	28	549	0	1	1
741	1	3	96	0	28	549	0	1	0
741	2	3	96	0	28	549	0	1	1
742	1	8	71	0	28	549	0	1	0
742	2	8	71	0	28	549	0	1	1
743	1	7	29	0	28	549	0	1	0
743	2	7	29	0	28	549	0	1	1
744	1	4	78	0	28	549	0	1	0
744	2	4	78	0	28	549	0	1	1
745	1	9	39	0	28	549	0	1	0
745	2	9	39	0	28	549	0	1	1
746	1	12	82	0	28	549	0	1	0
746	2	12	82	0	28	549	0	1	1
747	1	2	50	0	28	549	0	1	0
747	2	2	50	0	28	549	0	1	1
748	1	14	1	0	28	549	0	1	0
748	2	14	1	0	28	549	0	1	1
749	1	1	87	0	28	549	0	1	0
749	2	1	87	0	28	549	0	1	1
750	1	11	58	0	28	549	0	1	0
750	2	11	58	0	28	549	0	1	1
751	1	15	12	0	28	549	0	1	0
751	2	15	12	0	28	549	0	1	1
752	1	6	91	0	28	549	0	1	0
752	2	6	91	0	28	549	0	1	1
753	1	10	63	0	28	549	0	1	0
753	2	10	63	0	28	549	0	1	1
754	1	5	20	0	28	549	0	1	0
754	2	5	20	0	28	549	0	1	1
755	1	13	94	0	28	549	0	1	0
755	2	13	94	0	28	549	0	1	1
756	1	3	96	0	28	549	0	1	0
756	2	3	96	0	28	549	0	1	1
757	1	8	71	0	28	549	0	1	0
757	2	8	71	0	28	549	0	1	1
758	1	7	29	0	28	549	0	1	0
758	2	7	29	0	28	549	0	1	1
759	1	4	78	0	28	549	0	1	0
759	2	4	78	0	28	549	0	1	1
760	1	9	39	0	28	549	0	1	0
760	2	9	39	0	28	549	0	1	1
761	1	12	82	0	28	549	0	1	0
761	2	12	82	0	28	549	0	1	1
762	1	2	50	0	28	549	0	1	0
762	2	2	50	0	28	549	0	1	1
763	1	14	1	0	28	549	0	1	0
763	2	14	1	0	28	549	0	1	1
764	1	1	87	0	28	549	0	1	0
764	2	1	87	0	28	549	0	1	1
765	1	11	58	0	28	549	0	1	0
765	2	11	58	0	28	549	0	1	1
766	1	15	12	0	28	549	0	1	0
766	2	15	12	0	28	549	0	1	1
767	1	6	91	0	28	549	0	1	0
767	2	6	91	0	28	549	0	1	1
768	1	10	63	0	28	549	0	1	0
768	2	10	63	0	28	549	0	1	1
769	1	5	20	0	28	549	0	1	0
769	2	5	20	0	28	549	0	1	1
770	1	13	94	0	28	549	0	1	0
770	2	13	94	0	28	549	0	1	1
771	1	3	96	0	28	549	0	1	0
771	2	3	96	0	28	549	0	1	1
772	1	8	71	0	28	549	0	1	0
772	2	8	71	0	28	549	0	1	1
773	1	7	29	0	28	549	0	1	0
773	2	7	29	0	28	549	0	1	1
774	1	4	78	0	28	549	0	1	0
774	2	4	78	0	28	549	0	1	1
775	1	9	39	0	28	549	0	1	0
775	2	9	39	0	28	549	0	1	1
776	1	12	82	0	28	549	0	1	0
776	2	12	82	0	28	549	0	1	1
777	1	2	50	0	28	549	0	1	0
777	2	2	50	0	28	549	0	1	1
778	1	14	1	0	28	549	0	1	0
778	2	14	1	0	28	549	0	1	1
779	1	1	87	0	28	549	0	1	0
779	2	1	87	0	28	549	0	1	1
780	1	11	58	0	28	549	0	1	0
780	2	11	58	0	28	549	0	1	1
781	1	15	12	0	28	549	0	1	0
781	2	15	12	0	28	549	0	1	1
782	1	6	91	0	28	549	0	1	0
782	2	6	91	0	28	549	0	1	1
783	1	10	63	0	28	549	0	1	0
783	2	10	63	0	28	549	0	1	1
784	1	5	20	0	28	549	0	1	0
784	2	5	20	0	28	549	0	1	1
785	1	13	94	0	28	549	0	1	0
785	2	13	94	0	28	549	0	1	1
786	1	3	96	0	28	549	0	1	0
786	2	3	96	0	28	549	0	1	1
787	1	8	71	0	28	549	0	1	0
787	2	8	71	0	28	549	0	1	1
788	1	7	29	0	28	549	0	1	0
788	2	7	29	0	28	549	0	1	1
789	1	4	78	0	28	549	0	1	0
789	2	4	78	0	28	549	0	1	1
790	1	9	39	0	28	549	0	1	0
790	2	9	39	0	28	549	0	1	1
791	1	12	82	0	28	549	0	1	0
791	2	12	82	0	28	549	0	1	1
792	1	2	50	0	28	549	0	1	0
792	2	2	50	0	28	549	0	1	1
793	1	14	1	0	28	549	0	1	0
793	2	14	1	0	28	549	0	1	1
794	1	1	87	0	28	549	0	1	0
794	2	1	87	0	28	549	0	1	1
795	1	11	58	0	28	549	0	1	0
795	2	11	58	0	28	549	0	1	1
796	1	15	12	0	28	549	0	1	0
796	2	15	12	0	28	549	0	1	1
797	1	6	91	0	28	549	0	1	0
797	2	6	91	0	28	549	0	1	1
798	1	10	63	0	28	549	0	1	0
798	2	10	63	0	28	549	0	1	1
799	1	5	20	0	28	549	0	1	0
799	2	5	20	0	28	549	0	1	1
800	1	13	94	0	28	549	0	1	0
800	2	13	94	0	28	549	0	1	1
801	1	3	96	0	28	549	0	1	0
801	2	3	96	0	28	549	0	1	1
802	1	8	71	0	28	549	0	1	0
802	2	8	71	0	28	549	0	1	1
803	1	7	29	0	28	549	0	1	0
803	2	7	29	0	28	549	0	1	1
804	1	4	78	0	28	549	0	1	0
804	2	4	78	0	28	549	0	1	1
805	1	9	39	0	28	549	0	1	0
805	2	9	39	0	28	549	0	1	1
806	1	12	82	0	28	549	0	1	0
806	2	12	82	0	28	549	0	1	1
807	1	2	50	0	28	549	0	1	0
807	2	2	50	0	28	549	0	1	1
808	1	14	1	0	28	549	0	1	0
808	2	14	1	0	28	549	0	1	1
809	1	1	87	0	28	549	0	1	0
809	2	1	87	0	28	549	0	1	1
810	1	11	58	0	28	549	0	1	0
810	2	11	58	0	28	549	0	1	1
811	1	15	12	0	28	549	0	1	0
811	2	15	12	0	28	549	0	1	1
812	1	6	91	0	28	549	0	1	0
812	2	6	91	0	28	549	0	1	1
813	1	10	63	0	28	549	0	1	0
813	2	10	63	0	28	549	0	1	1
814	1	5	20	0	28	549	0	1	0
814	2	5	20	0	28	549	0	1	1
815	1	13	94	0	28	549	0	1	0
815	2	13	94	0	28	549	0	1	1
816	1	3	96	0	28	549	0	1	0
816	2	3	96	0	28	549	0	1	1
817	1	8	71	0	28	549	0	1	0
817	2	8	71	0	28	549	0	1	1
818	1	7	29	0	28	549	0	1	0
818	2	7	29	0	28	549	0	1	1
819	1	4	78	0	28	549	0	1	0
819	2	4	78	0	28	549	0	1	1
820	1	9	39	0	28	549	0	1	0
820	2	9	39	0	28	549	0	1	1
821	1	12	82	0	28	549	0	1	0
821	2	12	82	0	28	549	0	1	1
822	1	2	50	0	28	549	0	1	0
822	2	2	50	0	28	549	0	1	1
823	1	14	1	0	28	549	0	1	0
823	2	14	1	0	28	549	0	1	1
824	1	1	87	0	28	549	0	1	0
824	2	1	87	0	28	549	0	1	1
825	1	11	58	0	28	549	0	1	0
825	2	11	58	0	28	549	0	1	1
826	1	15	12	0	28	549	0	1	0
826	2	15	12	0	28	549	0	1	1
827	1	6	91	0	28	549	0	1	0
827	2	6	91	0	28	549	0	1	1
828	1	10	63	0	28	549	0	1	0
828	2	10	63	0	28	549	0	1	1
829	1	5	20	0	28	549	0	1	0
829	2	5	20	0	28	549	0	1	1
830	1	13	94	0	28	549	0	1	0
830	2	13	94	0	28	549	0	1	1
831	1	3	96	0	28	549	0	1	0
831	2	3	96	0	28	549	0	1	1
832	1	8	71	0	28	549	0	1	0
832	2	8	71	0	28	549	0	1	1
833	1	7	29	0	28	549	0	1	0
833	2	7	29	0	28	549	0	1	1
834	1	4	78	0	28	549	0	1	0
834	2	4	78	0	28	549	0	1	1
835	1	9	39	0	28	549	0	1	0
835	2	9	39	0	28	549	0	1	1
836	1	12	82	0	28	549	0	1	0
836	2	12	82	0	28	549	0	1	1
837	1	2	50	0	28	549	0	1	0
837	2	2	50	0	28	549	0	1	1
838	1	14	1	0	28	549	0	1	0
838	2	14	1	0	28	549	0	1	1
839	1	1	87	0	28	549	0	1	0
839	2	1	87	0	28	549	0	1	1
840	1	11	58	0	28	549	0	1	0
840	2	11	58	0	28	549	0	1	1
841	1	15	12	0	28	549	0	1	0
841	2	15	12	0	28	549	0	1	1
842	1	6	91	0	28	549	0	1	0
842	2	6	91	0	28	549	0	1	1
843	1	10	63	0	28	549	0	1	0
843	2	10	63	0	28	549	0	1	1
844	1	5	20	0	28	549	0	1	0
844	2	5	20	0	28	549	0	1	1
845	1	13	94	0	28	549	0	1	0
845	2	13	94	0	28	549	0	1	1
846	1	3	96	0	28	549	0	1	0
846	2	3	96	0	28	549	0	1	1
847	1	8	71	0	28	549	0	1	0
847	2	8	71	0	28	549	0	1	1
848	1	7	29	0	28	549	0	1	0
848	2	7	29	0	28	549	0	1	1
849	1	4	78	0	28	549	0	1	0
849	2	4	78	0	28	549	0	1	1
850	1	9	39	0	28	549	0	1	0
850	2	9	39	0	28	549	0	1	1
851	1	12	82	0	28	549	0	1	0
851	2	12	82	0	28	549	0	1	1
852	1	2	50	0	28	549	0	1	0
852	2	2	50	0	28	549	0	1	1
853	1	14	1	0	28	549	0	1	0
853	2	14	1	0	28	549	0	1	1
854	1	1	87	0	28	549	0	1	0
854	2	1	87	0	28	549	0	1	1
855	1	11	58	0	28	549	0	1	0
855	2	11	58	0	28	549	0	1	1
856	1	15	12	0	28	549	0	1	0
856	2	15	12	0	28	549	0	1	1
857	1	6	91	0	28	549	0	1	0
857	2	6	91	0	28	549	0	1	1
858	1	10	63	0	28	549	0	1	0
858	2	10	63	0	28	549	0	1	1
859	1	5	20	0	28	549	0	1	0
859	2	5	20	0	28	549	0	1	1
860	1	13	94	0	28	549	0	1	0
860	2	13	94	0	28	549	0	1	1
861	1	3	96	0	28	549	0	1	0
861	2	3	96	0	28	549	0	1	1
862	1	8	71	0	28	549	0	1	0
862	2	8	71	0	28	549	0	1	1
863	1	7	29	0	28	549	0	1	0
863	2	7	29	0	28	549	0	1	1
864	1	4	78	0	28	549	0	1	0
864	2	4	78	0	28	549	0	1	1
865	1	9	39	0	28	549	0	1	0
865	2	9	39	0	28	549	0	1	1
866	1	12	82	0	28	549	0	1	0
866	2	12	82	0	28	549	0	1	1
867	1	2	50	0	28	549	0	1	0
867	2	2	50	0	28	549	0	1	1
868	1	14	1	0	28	549	0	1	0
868	2	14	1	0	28	549	0	1	1
869	1	1	87	0	28	549	0	1	0
869	2	1	87	0	28	549	0	1	1
870	1	11	58	0	28	549	0	1	0
870	2	11	58	0	28	549	0	1	1
871	1	15	12	0	28	549	0	1	0
871	2	15	12	0	28	549	0	1	1
872	1	6	91	0	28	549	0	1	0
872	2	6	91	0	28	549	0	1	1
873	1	10	63	0	28	549	0	1	0
873	2	10	63	0	28	549	0	1	1
874	1	5	20	0	28	549	0	1	0
874	2	5	20	0	28	549	0	1	1
875	1	13	94	0	28	549	0	1	0
875	2	13	94	0	28	549	0	1	1
876	1	3	96	0	28	549	0	1	0
876	2	3	96	0	28	549	0	1	1
877	1	8	71	0	28	549	0	1	0
877	2	8	71	0	28	549	0	1	1
878	1	7	29	0	28	549	0	1	0
878	2	7	29	0	28	549	0	1	1
879	1	4	78	0	28	549	0	1	0
879	2	4	78	0	28	549	0	1	1
880	1	9	39	0	28	549	0	1	0
880	2	9	39	0	28	549	0	1	1
881	1	12	82	0	28	549	0	1	0
881	2	12	82	0	28	549	0	1	1
882	1	2	50	0	28	549	0	1	0
882	2	2	50	0	28	549	0	1	1
883	1	14	1	0	28	549	0	1	0
883	2	14	1	0	28	549	0	1	1
884	1	1	87	0	28	549	0	1	0
884	2	1	87	0	28	549	0	1	1
885	1	11	58	0	28	549	0	1	0
885	2	11	58	0	28	549	0	1	1
886	1	15	12	0	28	549	0	1	0
886	2	15	12	0	28	549	0	1	1
887	1	6	91	0	28	549	0	1	0
887	2	6	91	0	28	549	0	1	1
888	1	10	63	0	28	549	0	1	0
888	2	10	63	0	28	549	0	1	1
889	1	5	20	0	28	549	0	1	0
889	2	5	20	0	28	549	0	1	1
890	1	13	94	0	28	549	0	1	0
890	2	13	94	0	28	549	0	1	1
891	1	3	96	0	28	549	0	1	0
891	2	3	96	0	28	549	0	1	1
892	1	8	71	0	28	549	0	1	0
892	2	8	71	0	28	549	0	1	1
893	1	7	29	0	28	549	0	1	0
893	2	7	29	0	28	549	0	1	1
894	1	4	78	0	28	549	0	1	0
894	2	4	78	0	28	549	0	1	1
895	1	9	39	0	28	549	0	1	0
895	2	9	39	0	28	549	0	1	1
896	1	12	82	0	28	549	0	1	0
896	2	12	82	0	28	549	0	1	1
897	1	2	50	0	28	549	0	1	0
897	2	2	50	0	28	549	0	1	1
898	1	14	1	0	28	549	0	1	0
898	2	14	1	0	28	549	0	1	1
899	1	1	87	0	28	549	0	1	0
899	2	1	87	0	28	549	0	1	1
